Data/Grid/NN99.asc
ncols 200
nrows 200
xllcorner 290000
yllcorner 790000
cellsize 50
[rows 34 to 67 of 200, columns 0 to 77 of 200]
1057 1052.6 1048.2 1044 1038.3 1036.9 1027.4 1010.4 991.8 968.2 944.5 919.7 879.1 829.8 787.1 719.5 645 607.3 575.2 549.2 524.8 506.1 495.2 495.2 495.2 495.2 495.2 495.2 495.2 499.8 513.5 542.4 576.2 610.9 648.6 695.6 741.5 789.1 832.5 826.2 823.2 818.1 816.1 813.2 811.8 814.1 819.6 829.6 842.9 862.1 886.7 916.1 956.7 998.7 1037.9 1062.7 1070.9 1076.5 1081.8 1088.1 1100 1113.9 1129.4 1146.3 1161.3 1176.3 1190.2 1201.9 1211.6 1221.7 1232.1 1239.9 1246.7 1252.7 1257.3 1259.8 1261.5 1262
1052.2 1047.6 1043 1036.3 1028.1 1023.7 1004.9 971.8 958 934.8 909.8 886.3 858.6 816.7 774.2 711.7 643 605.5 575.5 548.9 524.9 506.4 496.4 495.2 495.2 495.2 495.2 495.2 497.2 503.2 517.2 548.9 583.2 620.6 667.7 714 763.4 817.6 827.3 828.1 823.2 820.3 819.2 818.9 818 819.8 824.5 832 845.5 861.8 885.4 915.5 957.5 1002.1 1040.8 1058.5 1064.7 1069.2 1079.1 1089 1099.9 1113.2 1129 1146.2 1161.9 1177.3 1192 1203.8 1214.1 1223.8 1233.5 1242 1249 1254.6 1259.5 1263 1263.5 1263.3
1047.6 1043.1 1036.5 1029.6 1021.1 1001.9 982.5 952.9 914.2 901.5 874.2 854.3 828.7 796.6 756.4 703.5 643.6 606.1 576 548.8 526 506.9 496.8 495.2 495.2 495.2 495.2 495.2 497.3 505.4 522.7 554.5 591.1 635.5 684.7 735.2 785.9 811.9 829.7 830.7 827.8 824.6 821.6 821.3 822.3 824.9 829.3 835.7 846 863.4 886.1 917.6 961.5 1006.3 1039.1 1047.8 1053.3 1065.7 1077.4 1088.9 1099.8 1113.5 1129.7 1147.9 1163.7 1179.2 1193.6 1205.4 1215.1 1224.9 1234.7 1242.8 1250.9 1256.6 1260.2 1262.3 1261.8 1261.5
1041.4 1036.5 1029.6 1022.8 1010 987.1 944.4 919.8 883.6 853.6 836.7 821.4 799.4 775 742.7 699.3 643.6 608 578.2 551.9 529.2 508.7 496.7 495.2 495.2 495.2 495.2 495.2 497.5 504.6 528.8 561.2 599.5 652.9 697 744.6 784.2 813.7 833.8 832.9 830.2 827.8 823.3 823.4 824.3 829.3 833.9 840.7 849.9 865.5 887.8 922.5 969.1 1014.8 1032.3 1034.6 1050.9 1063.1 1075.3 1087.5 1100.5 1114.3 1130.9 1148.8 1166.1 1180.9 1194.3 1206 1215.9 1225.4 1233.5 1241.7 1249.8 1255.7 1259.8 1260.8 1260.3 1259.6
1032.6 1027.9 1022.9 1016.5 995.8 956.2 921.1 880.8 840.2 821.4 805.1 794.6 775.5 756.8 731.4 691.6 646.5 611.2 582.5 556.6 532.1 510.5 499.1 495.2 495.2 495.2 495.2 495.2 495.2 506.1 530.7 565.2 604.6 655.8 700.1 741.3 778.8 813.1 838.6 838.8 833.3 827 825.9 826.5 826.7 836.1 840 846.8 855.5 871 895.6 936.2 982.4 1012.5 1021 1035.5 1047.9 1061 1073.2 1085.4 1099.6 1114.4 1131.8 1149.5 1166.5 1180.6 1193.9 1205.6 1215.6 1223.2 1231.8 1240.3 1248.6 1253.6 1257.9 1259 1258.3 1255.9
1023.5 1020.5 1015.9 999.3 966.1 925.2 879.1 837.2 810.3 797 782.7 771.4 759.6 746.2 722 687.6 650.7 615.2 586.8 559.1 534.5 515 502.9 499.1 496.8 496.5 496.6 496 495.9 510.6 533.6 567 606.7 653.9 692.6 731.3 771.6 811.2 845.1 850.6 843.2 833.7 826.6 831.2 840 848.4 848.3 853.4 862 880.7 909.5 953.5 985.5 1004.4 1020.6 1033 1044.9 1058.2 1071.2 1083.9 1098 1115.3 1132.6 1149.3 1165.6 1179.8 1192.9 1204.2 1213.6 1221.2 1229.2 1237.8 1244.9 1250.6 1253.1 1253.7 1252.7 1250.3
1015.5 1013.5 1010.6 990.6 940.7 886 845.1 815.2 793.6 781.9 770.2 760.5 753.8 741.9 720.9 690 654.1 622.6 592.3 562.8 539.3 520.1 509.7 503 500.9 498.5 497.5 496 497.4 513.1 537.9 570.3 606.7 648.5 685.5 722.6 762.7 801.8 837.9 872.3 867.1 858.6 850.8 849.7 859.3 863.2 864.7 868 878.1 898.2 936.7 966.1 988.2 1006.4 1019.4 1030.8 1042.5 1055.2 1069.1 1082.8 1097.6 1114.5 1131.4 1148.3 1163.9 1177.9 1190.3 1202.2 1211.7 1219.3 1226.7 1234.2 1239.7 1244.2 1246.6 1246.8 1245.3 1243.8
1009.6 1008.4 1006.2 993.6 938.6 867.5 829.6 802.2 782.5 773 765 755.6 748.8 741.8 722.5 693.6 660.9 628 597.5 568.2 544.7 525.6 513.3 509.2 505.5 500.1 498.9 497.9 499.4 514 541 573.7 608 643.4 679.2 716.1 751.8 785.1 822.2 875.8 898.8 891.3 884 882.7 884.4 890.2 893.2 897.1 909.2 932.4 968.9 980.3 989.5 1004.3 1017.9 1029.7 1041.4 1054.2 1068.4 1082.5 1096.9 1113.2 1129.9 1146.5 1161.4 1175.6 1187.6 1198.1 1207.7 1216.9 1223.5 1228.8 1233.4 1236.8 1237.5 1236.9 1236.3 1234.6
1003.8 1003.3 1000.9 983.1 928.6 860.5 826.2 800.5 781.1 770 761.9 750 743.8 736 720.9 697.1 667.4 633.7 602.4 574.8 551.5 534.8 522.1 514.5 507.9 501.2 500.7 500.8 505.2 520.8 544.3 574.6 606.9 640.7 675.5 708.1 740.7 775.1 811.6 855.5 920.7 934.5 927.8 922.8 923.1 925.4 930.9 937.5 945.2 970 992 992 992.6 1004.1 1016.5 1028.6 1039.8 1052.9 1067.2 1081.6 1095.9 1111.6 1127.9 1144 1158.8 1172.2 1183.3 1193.5 1202.6 1211.1 1217.6 1222.3 1225.2 1226.4 1226.3 1225.4 1224.8 1223.9
998.6 997.3 994.7 983.2 915.8 867.2 830.6 807.7 786 771 757 747.6 740 730.6 718.8 699.6 671.3 639.8 609.4 580.8 557.9 541.3 528.5 516.9 507.9 503.5 503.3 503.9 512.7 528.2 549.3 576 604.7 637.8 670.8 701.8 736 770.4 807.2 850.2 905.3 963.3 975.3 972.6 967.5 965.1 975.6 976.5 986.1 1000.3 1003.3 1001 1001.7 1005.6 1016.4 1026.1 1037.5 1051.5 1066.5 1080.7 1094.8 1110.4 1125.8 1140.6 1155 1167.4 1178.1 1187.7 1196.4 1203.9 1209.6 1212.8 1214.2 1213.7 1212.3 1210.9 1210 1212.6
995.5 993 988.1 973.6 934 880.3 842.5 818.2 793.1 774.1 757.6 747.7 738.4 728.5 717.8 703 677 644.3 613.4 584.6 563.8 547 532.6 517.7 507.1 505.5 505.3 506.3 514.4 529.4 549.9 575.3 604.3 636.7 667.3 699 733.5 768.7 806.6 852.3 903.2 963.6 985.9 989.1 990.3 994.6 1001 1002.8 1004.7 1007.3 1007.8 1007.8 1009.1 1011.9 1016.6 1024.6 1034.6 1048.2 1063.3 1078.1 1092.3 1106.7 1121.1 1135.5 1149.4 1162.1 1171.7 1180.5 1188.2 1194 1198.9 1200.6 1200.3 1198.5 1195.2 1192.7 1194.3 1199.7
997.7 993.2 992.6 981.6 942.1 899.4 865.4 838.2 812.5 789.9 766.3 753.1 743.3 735.6 727.6 713 682.7 646.6 615.2 586.2 566.7 550.1 534.5 518.2 511.2 508 506.2 507.5 513.2 526.6 546.5 574 605 638.8 672.8 705.2 739.5 774.9 816.1 865.9 916.2 975.8 983.4 987.9 991.1 996.1 1000.7 1004.3 1006.5 1007.4 1007.5 1008.3 1009.8 1014.3 1018.3 1023.4 1032.2 1044.2 1059.8 1074.2 1087.6 1101 1114.5 1128.8 1141.4 1153.8 1164.5 1171.5 1177.9 1182.6 1185.8 1185.8 1183.4 1177.5 1174.1 1175.3 1181.1 1188.9
1000.1 998 998.8 993.5 963.1 925.9 899.2 870.5 840.7 813 782.7 764 756.1 748.2 737.9 716 683.9 648 615 587.2 567.6 551.7 535.9 522.1 515.5 510.9 508.5 511.1 518 531.8 550.5 576.1 605.4 640.1 675.7 709.5 745 783.8 849.3 902 939.1 967.9 974 981.5 987.6 992.3 997.5 1000.9 1002.9 1003 1003.3 1006.6 1008.4 1013.4 1018.4 1023.7 1030.8 1041.2 1055.2 1068.5 1080.8 1093.8 1106.6 1119.7 1133.1 1145.4 1155.1 1161.3 1166.3 1169.4 1170.6 1165.8 1159.3 1155.6 1154.4 1160.3 1169.8 1179.3
1000.1 1001.7 1000.9 995.9 976.8 941.2 906.8 876.9 847.5 818.9 788.8 775 767.3 758.7 745.1 719.7 685.3 647.6 613.3 586.9 568.7 553.1 538.5 526.8 521.6 514.3 512.7 518.8 526.3 542.6 560.1 582.3 610.2 644.5 681.6 716.3 753.6 801.6 876.6 927.1 948.3 957.7 966.8 972.8 980.4 987 991.8 995.9 997.2 997.9 1000.2 1003.6 1007.5 1011.9 1016.5 1022.6 1028.5 1039.1 1050.5 1061.6 1073.3 1085.1 1097.2 1110.6 1123.2 1134.8 1143.4 1149 1152.3 1152 1149.6 1142.8 1137.1 1134.3 1138.3 1149.6 1160.3 1170
1004.1 1000.8 998 993.4 981 950.9 909.8 876.5 846.6 818.1 791.2 780.5 775 765.7 748 721.7 687 649.7 616.1 590.3 570.9 555.9 543.7 533.4 525.4 520.2 524.2 531.5 546.8 561.4 576.2 595.5 622.7 656.6 689.2 723.8 763.6 833.1 893.7 921.8 940.6 950.7 961.4 968.1 974.8 982.3 987.4 991.6 993.4 994.8 998 1001.8 1005.6 1010.1 1014.6 1020.5 1027.3 1037.4 1045.3 1054.3 1064.7 1075.8 1086.4 1098.7 1111.7 1122.9 1130.2 1134.7 1136.4 1132.6 1127.9 1121.2 1117.9 1119.1 1128.2 1139.7 1151.7 1161.7
1006.5 999.5 995.7 989.5 978.9 961.5 915.8 878.7 842 812.6 792.7 784.3 776.9 764.2 745.3 719 688.4 652.6 621.6 599.1 578.8 562.5 547 543.6 532 529.7 537.9 552.6 567.4 581.8 597.7 617.8 640.4 668.3 699.4 740.6 781.8 842.6 893.9 918.3 932.4 943.6 954.6 961.6 970.4 979.2 984.4 987.6 989.8 991.6 996.2 1000.5 1004.1 1008.1 1011.6 1015.8 1024.3 1032.2 1038.8 1045.8 1054.6 1064.1 1072.8 1085.3 1097.3 1107.7 1115 1118.7 1118.9 1116.6 1110 1105.5 1105 1107.1 1121.2 1135.2 1146.5 1154.6
1007 999.3 992 984.6 976.1 965.5 925.5 875.7 833.7 805.4 792.6 783.5 773.3 763.9 746.3 717.9 690.4 658.5 631.3 611.4 590.7 568.6 567.5 561.2 545.3 549.1 560.6 573.1 587.9 602.7 617.1 637.8 659.7 686.5 722.2 767.7 804.3 847 893.9 911.5 924.1 937.1 950.4 955.3 964.6 976.7 981.5 983.8 985.9 988.7 994.2 998.6 1001.9 1004.4 1006.7 1010.2 1016.9 1023.5 1029.3 1036.4 1043.1 1049.3 1056.9 1070.1 1082.8 1092 1099 1102 1101.7 1100.6 1096.1 1093.3 1093 1103.9 1118.3 1130.1 1140.6 1147.1
1007.6 998 990 981.2 971.7 946.9 909.8 866.8 829.3 804.4 794.5 786.1 774.8 766.1 745.1 718.2 692 665.6 643.2 623.6 599.6 586.4 589 584.5 576.7 573.9 586.5 600.6 614.5 629.5 642.9 660.1 678 706.7 752.1 786.5 817.3 850.6 884.6 897.2 910.8 933.5 948.3 948.7 961.2 972.1 978.5 980.7 981.7 985.7 991.6 995.3 998.3 999.8 1001.3 1003.5 1008.3 1014.1 1019.5 1025.4 1031 1036.5 1043.9 1055.8 1067.9 1077 1083.2 1086.7 1086.6 1086.2 1083.5 1080.7 1088.9 1102.3 1114.8 1123.4 1133.1 1138.2
1003.9 996.5 989.6 981.2 971.6 934.7 896.8 856.9 826.2 807.8 794.4 783.6 774.6 763.2 743.4 720.7 696.7 675.8 654.8 629 605.1 612.1 611.1 606.9 603.3 598.9 613 630.4 644.2 655.6 665.1 680.5 701.5 727.7 772.4 801 825 851.4 876.6 882.1 900.4 929.4 945.3 947.8 953.6 965.7 972.7 976.3 976.4 982 988.8 992.3 993.5 994.7 995.9 997.1 1000.9 1005.6 1010.5 1014.8 1019.4 1024.9 1032.3 1041.7 1052.6 1062.6 1069.2 1071.4 1072.3 1071.9 1069.9 1072.8 1086.3 1099.5 1110 1118.5 1124.3 1128.6
1001.1 994.5 987.8 979.9 968.3 926.6 886.2 854.1 828.3 807.8 791.1 780.2 773.2 762.8 744.5 723.9 705.4 686.3 657.9 633.6 633 633 634.9 632.5 630.9 627.3 632.9 657.5 672.9 683.1 691.4 710.7 738.5 761.6 791.4 818.4 835.4 853.2 869.4 874.1 891.7 918.5 931.9 939.8 947.4 958 966.4 971.2 972 978.8 986.2 988.6 989.2 989.5 990.4 991.6 993.7 997.4 1001.6 1005.7 1009.2 1013.9 1020.5 1027.5 1036.8 1046.7 1053.3 1056.9 1058.5 1058.5 1057.3 1069.2 1083 1094.9 1103.8 1110.8 1115.3 1116.5
999.8 993.2 986.3 978 968.7 939.5 890.5 856.8 832.4 815.5 792.9 780.6 773.1 763.4 748 730.6 712.9 690.4 667.7 648.7 656.2 657.1 657.3 657.9 660.3 666 662.8 667.5 696.7 712.2 724.1 746.3 763.9 783 809.7 831 843.3 852.8 855.1 873.7 885.7 904 920 934.3 945.1 953.4 961.6 967 968.3 973.9 981.9 984.6 985.2 985.5 985.4 986.6 989.4 992.1 994.9 997.1 999.9 1004 1008.1 1014.2 1021.4 1029.7 1036.1 1041.4 1043.9 1045.5 1053.2 1066.4 1078.7 1088.9 1096.9 1101.7 1104.5 1104.1
998.7 991.9 984.7 974.7 964.5 943.8 907.2 864.5 839.6 821.6 805.7 787.5 773.5 763.4 749.9 736.3 717.6 695.4 679.2 662.5 682.2 679.8 683.7 687.7 690.7 694.5 701.9 701.4 725.4 740.4 755.7 776.3 794 811 830.7 844.6 847.9 853 857.6 873.7 885.8 897.2 911.4 927.2 943.6 951.5 957.8 962.6 964.8 968.8 976.3 980.3 981.2 981.3 980.9 982.2 985 987.8 990.6 992.9 993 994.7 997.4 1002.3 1007.9 1013.4 1019.6 1025.9 1031.3 1040.9 1052.8 1063.1 1072.8 1082.4 1088.6 1092 1093 1091.3
996.4 989.7 981.5 971.5 961.3 940.8 912.4 886.2 865.7 843 823.4 800.3 781.8 767 753.2 740.4 723.1 708.4 693.8 694.6 705.9 709 712.3 716.5 722.2 731.4 739.1 742.8 763.4 777.2 781.1 799.8 816.5 830.6 842.4 851.6 851 851.8 860.5 872.8 885.5 897.1 910.8 924.1 940.4 948 953.7 958.2 960.7 964.5 970.7 973.9 976.8 976.9 977.2 978.4 980.6 983.4 986.8 988.5 988.2 987.2 987.3 990.5 993.8 999.3 1004.5 1011.1 1023.3 1037.3 1049.8 1059.7 1067.1 1073.3 1078 1080.4 1079.9 1078
991.3 984.1 975.6 965 955.2 942.1 923 911.1 892.2 887 849.4 821.1 798.7 775.8 759.7 746.8 733.9 724.2 708.8 720 730.3 752.4 754.4 757.5 757.5 761 766 765.1 780.9 796.5 799.3 814.3 828.4 843.6 846.6 850.4 855.2 854.3 860.7 870.1 880.7 894.7 911.3 924.2 937.1 945.9 950.3 953.9 956.5 960.1 964.8 967.6 970.5 971.9 973.3 975.1 977.5 981.5 984.4 985 984.3 982.9 981.6 982.2 984.6 989.3 995.7 1005.6 1018.4 1033.7 1044.9 1052.5 1058.3 1062.6 1066.2 1067.1 1066.2 1064.6
984.1 976.3 967 957.7 949.8 941.6 927.1 918 915.7 909.9 883.1 846 815.8 787.1 766.9 755.3 747.6 739.1 730.8 743.9 754.3 765.1 776.8 784.3 778.9 775.6 782.9 793.1 793.7 805.6 813.8 826.5 838.8 849.1 855.1 854.4 862.1 858.3 861.9 868.6 877.4 893 908.9 921.7 931.6 939.8 945.4 949.5 952.3 956.4 959.8 962.5 965.4 967.7 969.2 971.8 976.2 980.8 982.5 981.5 980.5 978.4 977 977.1 979.4 982.8 990.4 1000.4 1013.5 1027.4 1037.8 1043.8 1048.7 1050.6 1052.3 1052.6 1052.2 1049.3
977.3 966.6 957.4 952.3 948.3 942.1 930.8 924.5 923.6 923 922 904.6 859.3 805.2 782.2 768.9 761.4 753.5 751.5 764.6 770.1 778.4 786.8 791.5 789.5 784.2 788.8 807.8 809.7 811.8 821.2 834.1 843.5 852.4 865.7 866.1 867.3 863 863.4 868.4 876.3 890.9 903.6 914.7 923.5 931.5 939 944.4 947.5 951 954.1 957 960.4 962.8 965.8 969.7 975.4 979.2 980.5 978.9 975.9 973.6 972.4 973.2 974.9 980.8 986.9 995.2 1008.1 1021.6 1029.3 1034.4 1037.3 1039.1 1040.3 1039.2 1038.4 1035.7
969.7 959.1 953 949 945.2 939.3 933.1 927.9 926.9 928.1 931.7 925.3 903.5 843 809.1 788.6 778.8 766.7 773.5 779.7 784.6 791.3 798.4 791.3 798.1 793.7 797.5 814.8 814.3 818.4 826.8 836.4 846.7 855.2 866.5 871 869.4 866.4 866.5 868.3 874.4 884.4 896.3 906 915.5 924.3 931.9 938 942 944.9 948 951.7 956.4 959.2 964.5 969.8 975 977.6 977.7 974.5 971.7 968.8 967.7 968.2 972.2 977.6 983.4 990.9 1002.6 1015 1021.4 1024.4 1026 1027.8 1028.2 1026.7 1025.1 1022.8
962.2 954.8 951 946.9 942.7 937.9 934.4 930.3 930.3 931.4 933.8 929.9 915.3 881.8 844.2 817.8 800.9 785.4 795.3 796.5 798.6 799 801 803.7 802.7 799.7 803 821.2 819.2 823.6 828.8 837.7 847.5 857 865.8 870.5 872.9 870 868.2 869.4 872.9 877.4 889.2 900.4 910 919.9 926.2 932.6 935.5 939.1 943.1 947.4 951.8 957 963.9 969.1 973.1 975.2 973.1 970 966.7 963.6 963.3 965.1 969.4 974.9 980.4 988 997.9 1006.2 1012.2 1014 1015.7 1016.3 1016.3 1015.3 1014.1 1011.4
955.4 952.4 949 945 940.7 936.9 933.3 931.6 931 931.2 932.5 929 915.6 905.1 877 850.6 824.9 818.7 825.8 834.1 817.2 806.3 809.3 813.9 812.7 809.4 818.9 832.2 826.6 833.2 837.3 835.4 845.4 854.9 862.1 868.1 872 871.2 869.1 869.9 873 874.1 884.9 895.5 904.8 912.6 920.9 927.5 931 934.8 940 944.6 949.4 954.6 962.2 967.7 969.7 970 967.4 964.2 961.2 959.3 959.1 961.4 965.5 971.8 978.8 986.1 992.9 999.2 1002.6 1004.7 1005 1004.9 1005 1004.5 1003.5 1000.3
950.2 947.8 945.4 943 939 935.1 932.8 930.4 929.5 929.1 929.3 923.5 913.4 907.1 898.7 876.5 858.1 847.2 863.8 862.6 858.8 829.5 823 820.4 824.9 825.9 837 843.6 839.3 839.9 839.2 850.1 841.8 850.9 857.5 862.8 867.8 867.6 868 869.1 871.7 873.3 878.7 890.8 902.4 901.8 916.2 923.4 928.8 932.4 935.3 939.7 945.6 951.8 960.3 963.5 964.2 964.2 961.6 958.9 956.4 955.2 956 958.9 964.2 971.1 977.7 982.4 987.4 989.6 993 994.5 994.7 994.8 994 993.4 991.9 989.7
944.4 943 941.1 939.6 936.8 933.6 931.6 929.2 927.6 926.7 923.9 919.2 913.8 907.3 903.4 890.3 876.3 874.8 879.6 881.6 869.9 862.3 845.7 833.2 839.7 841.8 846.5 847.9 841.3 844.7 843.1 852.7 841.5 848.4 855.5 861.1 865 865.7 863.6 865.4 871.3 875.1 878.5 893.2 896.8 902.2 911.6 921 926.4 929.6 931 933.6 941.9 949.4 955.4 957.4 957.8 957.6 956.4 954.2 951.7 950.9 953.3 957.2 962.9 969.2 974.4 977.3 979.2 980.2 983 984.1 984.9 983.7 982.3 981.4 981.6 979.9
943.9 940.6 935.7 934.6 933.6 931.4 929.6 927.8 925.8 924.2 921.9 917.7 913.1 907.3 902.8 895.9 885.8 885.1 887 887.1 876.9 876.2 870.5 858.4 852.9 858.2 856.4 857 854.7 853.5 851.2 845.1 843.4 847.4 854.2 860.1 863.5 861.4 864.1 867.4 872 875.7 881.1 886.6 888.1 900 912.3 917.2 923.4 925.8 927.3 931.1 938 945.8 948.9 951.2 951.1 950.7 949.9 949.1 946.9 945.5 951 955.4 960.8 966 969.8 970.9 970.6 971.2 972 972.5 971.9 970.7 970.1 970.5 971.2 969.9
942.7 937.5 932.1 930.8 929.1 929.2 927.6 925.8 923.9 922 920 916.4 912.4 907 903.5 898.1 890.4 888 891.3 885 881.9 884.8 880.1 873.9 863.6 868.3 864.9 861.4 860.5 860.5 858.6 850.6 847.3 846.7 854 859.4 860.6 861.1 864 868.8 871.9 877 881.4 886.6 890.3 901.7 915.7 919.7 920.8 922.4 924.1 931.2 936.1 939.7 942.8 945 944.7 944.1 943.5 943.6 942.4 944.3 949.1 953.8 957.4 960.7 963.1 963 963 961.6 958.4 959.2 959.2 959.9 961.3 960.8 962.1 963.4
941.8 936.4 933.4 930.8 926.7 926 925.6 923.9 922 920.2 918.5 917.1 912.9 908.6 905.4 899.8 892.8 890.6 894 891.5 889.4 887.2 882 877.1 868.5 865.2 867.6 864.2 859.5 857.7 857.1 846.7 849.2 852.8 852.3 855.9 860.8 863.1 866.1 868.8 873.2 879.5 883.1 889.2 895.6 902.8 913.3 920.8 922.7 922.7 923.2 928.2 931.9 935.2 937.2 938.9 938.2 937.9 937.9 937.9 937.2 941.8 946.6 950 952.8 955.4 956.1 956.2 954.4 951.7 950.1 949.6 950.2 951.5 953.3 952.1 955 957.3
