Data/Grid/NN99.asc
ncols 200
nrows 200
xllcorner 290000
yllcorner 790000
cellsize 50
[rows 68 to 101 of 200, columns 78 to 155 of 200]
958.2 965.5 976.1 988.4 1002.4 1017.5 1034.2 1048 1059.1 1068 1074.6 1081 1080 1075.9 1066.6 1055.7 1046.9 1039.3 1033.1 1027.1 1022.4 1017.1 1010.7 1002.7 992.2 983.6 979.5 977.5 976.5 975.8 976.5 986.8 996.4 1005.6 1020.9 1041.8 1061.6 1079.6 1097.8 1115.3 1132.2 1148.8 1163 1176.5 1187.7 1161.6 1122.8 1085 1051.8 1022.1 1000.3 983.9 970.4 964.6 963.1 961.6 962.5 957.4 953.1 948.4 943.7 936.6 927.6 917.2 905.9 892.1 875 854.9 833.2 812.1 791.4 769.5 748.4 729.5 710.7 692.8 675.8 656.9
955.4 965.3 978.1 989.3 1000.4 1014.2 1029.5 1040.4 1050.2 1061.1 1063.7 1066.4 1066.3 1062.6 1054.3 1045.5 1036.6 1029 1023.4 1018 1012.3 1004.7 996.4 986.7 977.6 972.9 970.6 969.1 968.6 967.7 976.3 986.3 996.3 1008.2 1024.9 1045.4 1065.3 1083.7 1101.8 1120 1138.9 1155.2 1169 1182.3 1193.7 1171.7 1134.2 1104.4 1076.6 1047.7 1017.4 995.4 979.5 971.9 968.5 971 973.6 966 957.4 953.1 944.2 934.1 924 913.3 901.8 885.7 869 848.8 828.6 808.8 788.7 769.8 749.9 731.1 713.5 696.1 679.1 662.1
955 965.2 978.4 990.9 1000.7 1009.9 1021.1 1031.5 1040.9 1049.8 1053 1052.4 1052.3 1049.2 1043.2 1034.4 1026.3 1019.4 1012.8 1007 999.9 991.3 982.8 973.2 966.9 964.3 962.8 961.5 961.3 966.1 978.6 988.6 999.8 1013.7 1029.7 1049 1069 1087.8 1105.8 1124.9 1143.8 1160.2 1174 1187.1 1198 1189.3 1156.3 1129.8 1106.3 1082.4 1045.6 1018.1 998.9 989.5 985.9 994.1 998.9 986.5 967.2 953.2 941.2 931.8 921.4 912.4 900.8 883.6 864.5 843.2 822.3 802.8 785.2 766.4 748.9 732.3 714.6 697.2 680.6 663.3
954.5 965.9 979 989.9 998.2 1005.9 1014.1 1023 1033.8 1040.3 1044.4 1044.7 1041.8 1038.2 1032.2 1024.3 1016.8 1010.1 1002.7 993.8 986.2 977.4 969.1 962.7 960 957.4 956.2 954.7 955.8 968.4 980.9 991.9 1003.8 1017.5 1034.5 1053.1 1073.3 1092.4 1112.2 1131.4 1149.4 1164.4 1178 1190.8 1200.7 1206.9 1188.7 1163.4 1141.4 1117.9 1086 1051.6 1026.9 1013.7 1012.9 1022.4 1024.5 1007.1 980.2 954.7 934.3 923.9 914.6 907.9 899.7 883.9 864.5 842.6 819.9 798.7 780.5 762.6 745 729.2 714.5 698.5 681.8 663.3
951.1 964.6 974.9 983.5 990.9 999 1006.7 1015.4 1024.5 1031.4 1036 1036.7 1034.6 1028.6 1022.3 1014.3 1007.4 1000.9 992.3 982.8 971.9 963 957.1 952.6 951.5 949.7 948.6 949.6 959.8 971.4 983.8 995.4 1007.2 1020.5 1036.8 1056.8 1078.1 1097.2 1117.6 1137.1 1154.1 1168.6 1181.7 1193 1201.4 1207.6 1212.3 1202.3 1172.2 1141.4 1113.6 1080.3 1058.4 1049.2 1047 1048.7 1040.9 1018.2 989.6 958.2 932.5 917.5 905.1 895.7 889.7 881.6 865.8 843.8 819 796.5 777.1 760 743.9 729.7 716.6 701.2 686.3 670.2
948 958.7 967.5 975.3 982.8 990.5 997.7 1004.5 1013.2 1021.3 1026.7 1027.8 1025.1 1019.7 1012.4 1004.3 998.1 991.9 982 968.9 958.3 950.2 945.2 943.1 942.6 942.9 941 952.9 964.1 975.9 987.6 998.3 1010.6 1024.4 1040.4 1060.4 1081.6 1101.9 1123.2 1142.3 1157.8 1171.1 1183.3 1193.2 1200.2 1205.7 1209.1 1209.7 1198.9 1164.6 1133.2 1110.9 1092.6 1082.6 1081.4 1071.7 1051.5 1026.3 994.3 963.4 935.8 915.2 898.1 885.5 878.7 875.7 867.3 848.3 821.6 795.3 773.3 755 740.4 728.1 716.1 704.2 688.4 672.8
943.8 952.5 959.6 966.8 973.5 979.2 987.8 993.2 1002.5 1011.2 1016.8 1017.2 1014.8 1010.2 1002.4 994.3 987.5 978 965.6 953.7 944.8 938.6 934 933.9 935 935.1 944.6 956.4 968.2 980 991.4 1001.6 1013.6 1027.6 1044.7 1063.7 1084.7 1106.6 1128.2 1145.2 1159.9 1172.8 1184.1 1192.1 1197.9 1201.6 1203.1 1202.4 1198.2 1192.1 1171.3 1152 1127.7 1120.4 1121.5 1099.9 1072.2 1045.5 1015.7 985.7 956.7 925.9 903.1 885.1 878.5 876.3 871.1 851.6 822 795.4 770.4 750.3 736.6 724.4 712.8 701.4 686.8 672.2
939.4 943.5 949.7 954.4 959.3 969.2 976.8 982.3 989.7 998.7 1004.4 1005.3 1003.7 999.8 991.4 980.5 968.2 957.4 947.8 937.3 931.5 925.3 926.2 926.9 928.3 932.7 946.4 959.3 971.8 983.9 994.5 1003.8 1015.7 1030.8 1049.6 1067.5 1088 1110.8 1131 1147.8 1160.7 1172.4 1182.8 1189.8 1194 1196 1195.6 1192.2 1186.8 1181 1172.2 1160.2 1146.3 1138.9 1131.7 1124 1096.6 1071.9 1043.6 1021.5 990.1 952.7 918.5 892.2 884.3 877.6 865.9 848 821.9 794.9 766.7 745.5 732.8 720.8 709.4 697.9 685.1 670.7
934.3 935.9 938.7 942.6 946.2 952.2 959.7 966.5 973.6 983.1 989.9 992.3 991.7 985.3 976.1 961.9 947.6 938.8 930.3 921.7 917.6 916.5 917.8 919.4 921.8 936.9 949.5 962.2 974.8 986.4 996.2 1005.5 1017.8 1033.2 1052.4 1071.3 1091.8 1114.7 1133.2 1148.8 1161.4 1172.1 1180.2 1186.4 1189.8 1189.8 1186.9 1182.3 1176.6 1167 1158.3 1146.9 1136.9 1128.1 1120.1 1113.4 1104 1093.8 1068.2 1040 1005.4 974.1 935.4 909 896 882.4 862.3 842.2 824.9 794.4 764.2 741.6 729.1 717.3 705.8 694.3 681.8 668.9
929 928.6 929.3 930.9 931.4 934.6 938.7 945.8 955 964.7 972.5 974.5 972.9 966.3 953.2 939.9 928.1 919.2 912.7 908 905.6 907.6 909.5 908.4 925.3 938.7 951.7 964.4 977 988 997.9 1007.4 1020 1035.7 1055 1075.5 1095.9 1117.6 1134.3 1149 1160.2 1169.7 1177.5 1182.5 1184 1182.8 1178.1 1172 1163.4 1153.4 1142.6 1131.7 1122.7 1114.5 1106.2 1099.3 1091.1 1083 1073.5 1059.7 1018.8 987.5 957 929.9 903.3 885.9 852.6 827.4 807.7 787.1 760.1 740.7 727.2 713.9 702.4 690.1 677.7 664.9
923.1 921.8 919.5 917.6 916.9 916 918.9 924.8 934.7 947.5 954.8 954.5 947.2 937.4 929.1 917.5 908 899.8 895.8 892.4 893.2 897.9 893.2 910.7 926.4 940.4 952.8 965.4 977.3 988.3 998.5 1008.9 1021.6 1040.2 1059.6 1079.8 1100.3 1119.4 1135.5 1148.2 1158.7 1167.5 1173.5 1177.4 1177.8 1175.3 1169.5 1161.3 1149.4 1138.4 1127.5 1116.2 1104.8 1098.3 1091.6 1084 1075.9 1067.9 1060.5 1054.7 1032.6 998.3 967.9 937.4 901.5 868.7 835.4 812 791.5 776.9 757.3 740.2 724.9 711.1 698.2 685.9 673.5 660.9
915.8 911.5 906.6 903.9 901.1 897.7 899.7 905.3 913.6 923.5 929 926.8 919.2 910.3 902.2 895.8 887.1 880.3 876.7 876.4 878.5 876.2 893.9 910 924.6 938.6 951.4 964.6 977 987.4 997.6 1008.9 1025.4 1045.5 1064.4 1084.7 1103.6 1121.2 1135.4 1146.7 1156.2 1163.2 1168.2 1170.9 1170.2 1167.3 1160.6 1151 1138 1125.1 1113 1102.2 1092.3 1085.6 1077.8 1069.2 1061.1 1053.1 1046.1 1040.2 1007.1 976.5 948.5 920.4 879.5 848.9 822.1 799.7 781.9 770.9 756.6 739.5 723.7 710.4 696.4 682.5 669.8 657.1
905.8 899.7 893.7 890.5 888.1 886.1 885.5 887.9 893.7 898.4 899.4 897.8 891.9 883.3 875.3 869.4 865.4 859.5 857.6 859.8 863.3 871.5 888.6 905.4 920.9 935.4 949.3 962.4 975.5 985.8 996.2 1009.7 1028.3 1049 1068.7 1087.4 1105.8 1122 1134.8 1144.7 1152.1 1158.2 1162 1163.7 1163.2 1159.3 1152.3 1141.3 1127.9 1114.8 1103 1092.3 1083.1 1074.6 1065.2 1055.6 1046.5 1038.5 1032.2 1019.4 981.8 952.5 922.2 892.3 862.8 838 813.8 794.1 778.8 765.7 753 737.8 723.6 709.7 696.1 681.5 666.9 653.3
895.9 888.8 883.7 880.6 877.7 875.8 874.4 872.8 878.9 880.3 878.9 876.1 870.2 860.9 851 845.3 841.9 837.7 837.8 840.9 845.3 861 878.9 896.9 914.4 930.6 945.3 959.6 972.8 984.3 996.9 1012.3 1030.3 1050.7 1070.4 1088.2 1105.4 1120.5 1131.8 1139.8 1146.4 1151.3 1154.2 1155.5 1153.5 1149.6 1142.7 1131.6 1118.3 1105 1094.1 1084.6 1075.5 1065 1054.7 1043.5 1032.4 1024.3 1018.3 1008.7 970.9 938.9 903.8 875.3 849.5 829.2 807.2 788.3 774 761.8 750 738 723.8 709.7 695.8 680.2 663.7 649.6
887 879.3 874.9 872.1 870.7 869.7 868.2 866.4 870.8 870.9 867.5 862 854.7 847.4 837.6 828.2 823.1 819 819.6 819.7 830.5 847.4 865.3 885.4 905.5 923.7 941.6 955.9 969.6 982.5 996.7 1011.6 1031.2 1051.5 1070.2 1086.5 1102.1 1115.8 1126.6 1133.7 1138.6 1142.6 1144.5 1144.6 1143.1 1139.5 1132.3 1121.4 1109.1 1096.6 1085.6 1076.4 1067.3 1056.5 1044.4 1031.6 1018.8 1010 1003.7 993.9 960.5 925.4 889.7 862.1 841.5 821.9 802 785.4 770.5 758.2 745.9 733.7 721.6 709.4 694.9 678.4 662 646.6
879.7 872.9 868.3 867.2 867 866.8 866.4 866.4 866.6 865.2 860.5 851.5 842.6 837.1 827.9 816.3 810.3 806.9 802.6 799.9 816.4 832.6 851.7 872.2 894.5 914.9 935.8 950.7 966.3 980.4 994.8 1010.5 1030 1049.6 1067.7 1083.5 1096.2 1108 1117.7 1124.4 1128.8 1131.4 1132.7 1131.9 1129.9 1127.3 1120.9 1110.9 1098.9 1087.9 1076.8 1068.1 1058.2 1047.1 1034.2 1020.6 1005.9 994.8 988.5 983.1 951 914.2 880.1 852.3 833.3 814.2 795.6 780.5 767.2 754.8 744.4 734 721.8 709.6 696.6 680.4 662.3 644.2
874.2 870.2 866.8 866.4 866.4 866.4 866.4 866.7 863.9 859.4 853.9 844.9 836.4 834.2 821 808 798.8 790.9 783.8 787.6 801.3 818.3 837.6 858.8 882.6 904.3 928.1 946.3 962.4 977.4 991.9 1008.1 1027 1046.2 1063.2 1077.1 1088.4 1098.1 1105.8 1111.8 1114.9 1116.9 1116.9 1115.6 1114.2 1111.3 1106.6 1098.6 1087.2 1076.8 1066.3 1057.1 1047.3 1036.4 1024.1 1008.4 991.6 979.3 975.3 971.5 940.9 904.6 871 844.1 824.3 804.1 787.6 774.1 761.4 750.3 741.3 731.1 720.6 710.4 698.1 682.8 654.6 654.5
874.6 870.2 866.4 866.4 866.4 866.4 866.4 867.5 865.5 857.4 849.1 839.1 832.8 829.7 816 801.4 787.4 777.1 762.6 770.6 783.3 801.1 821.1 845.6 869.3 892.2 916.8 937.4 956.9 973 988.3 1004.8 1023.7 1041.9 1056.7 1068.6 1078 1085.2 1091.6 1096.4 1097.7 1098.6 1096.1 1095.7 1094.7 1093.5 1090.9 1083.8 1074.8 1064.9 1055.1 1046.4 1036.9 1026.5 1014.5 1000.3 985.6 972.6 962.2 959.8 934.2 896.6 862.8 836.9 817.4 798.4 781.2 766.7 754.6 745 736.6 727.5 719.4 709.8 698.6 687.1 678.9 666.2
881.9 872.9 866.4 866.4 866.4 866.4 867.5 869 865.1 857.3 848.5 838.9 829.4 825.3 808.8 794.3 780.2 766.2 751.7 755.7 766.6 784.3 804.6 828.7 854.2 879.5 903.7 929 950.1 967.3 983.8 1001.2 1019.3 1036.5 1049.2 1059.2 1065 1071.1 1074.9 1078.6 1080.1 1078.8 1076.3 1073.5 1072.9 1073 1071.3 1066.7 1059.8 1052.2 1044 1036.3 1027.1 1017.4 1004.8 990.7 977.1 965.4 955.7 951.2 934.1 897.4 864.7 836.8 815.4 795.9 778.5 763.4 751.6 742.6 732.3 725 716 709.7 703.7 697 685 671.2
889.4 879.5 870.3 866.4 866.5 866.3 867.2 868.2 864.3 857.8 848.2 837.9 827.5 817.8 798.4 785.2 771.8 758.6 744.3 744.5 757.5 770.2 789.7 813.5 839.6 865.9 891.6 920.4 942.6 961.4 979 996.9 1014.5 1029.9 1040.4 1049 1052.5 1055.8 1058 1060.4 1061.4 1059.7 1056.9 1054.1 1052.3 1052 1051.4 1048 1043 1038.3 1033.1 1025.8 1017.4 1007.6 995.3 981.5 968.5 958 948.8 942.6 936.5 904.8 868.1 841.2 819.3 798.4 779.7 766.8 755.6 744.4 735.5 728 723.7 718.3 712.7 704.4 691.9 673.9
897.5 887.9 878.7 871 868.5 868.6 869.4 869.7 867.5 862.8 852.3 840.1 828 817.4 796.1 773.2 758.9 750.6 739.3 730.5 752.1 761.6 777.8 800.8 824.8 852.6 881.3 910.9 935 956.1 973.9 991.9 1009.1 1022.8 1032.5 1038.4 1039.8 1041 1042.1 1043 1043.4 1042.4 1040.7 1038.7 1035.5 1034.3 1032.7 1031 1027.6 1024.5 1020.6 1015.2 1007.8 997.1 986.3 973.7 961.2 950.3 941.3 936.2 931 913.9 878.9 851.1 828.5 804.3 786.5 772.6 759.1 750.1 742.7 737.2 734.3 732.5 728.4 721.5 708.4 686.9
908.5 898.3 889 879.8 874.8 872.8 872.8 871.8 870.6 868.2 860.7 845.3 830.5 814.7 795.1 770.8 752.1 735.8 730.6 726.5 745.8 755.3 769 789.1 814.1 841.1 870.4 901.3 927.6 949.1 968.8 986.8 1003 1015.8 1024.8 1029 1029.3 1029 1028.5 1027.9 1028 1026.9 1025 1023.1 1020.7 1019.9 1018.6 1017.5 1014.8 1012.8 1010.3 1005.8 998.6 988 979.8 968.1 955.6 944.4 936.4 930.9 926.1 919.8 895 864.6 834.1 819.6 801.2 783.2 771.5 763.1 756.4 754.3 756 755.6 753.5 745.7 731.1 710
921.7 909.3 900.1 891.1 884.8 881.1 876.6 874.3 873.2 870.3 864.5 850.5 832.1 810.4 791.8 769.8 750 735.3 721.9 718.3 737.4 748.4 762.3 779.5 803.1 830.1 859.8 890.4 919.7 942.4 962.9 980.7 996.5 1008.3 1017.5 1020.7 1019.8 1018.6 1016.7 1016.6 1016.7 1015.1 1013.1 1011.2 1009.8 1009 1008 1006 1003.4 1002.3 1001.2 997.6 991.2 982.5 974 962.5 950.6 940.5 933.2 928.2 923.3 919.1 906.4 882.2 865.1 847 826 804.9 792.8 786 783.4 784.8 786.7 788.4 787.8 779.7 762.4 738.8
940.2 923.8 911.2 902.9 895 889.2 884.5 879.2 875 870.7 864.5 853.7 833.2 810.4 789.9 768.8 749.5 734.1 723.9 710.7 727 745.6 756.4 770.6 792.4 818.8 849.9 879.5 910 935.7 956.3 973.5 989.3 1001.2 1009.6 1012.4 1010.7 1008.5 1006 1006.5 1006.5 1004.8 1002.9 1000.9 1000.9 1000.6 998.2 995.3 993.3 994.4 993.3 990 985 977.7 968.7 957.2 945.5 937 930.8 926.6 922.7 919.8 911.4 900.9 896.5 876.4 852.6 832.9 820.2 816.9 816.1 818.8 823.6 825.8 831.5 828.5 801.7 772.4
963.8 943.8 926.2 915.3 906.6 899.1 892.7 886 878 871.8 864.6 855.5 837.7 810.6 786.8 766.4 749.1 732.9 721.6 708.7 718.3 739.1 748 761.7 783.1 807.2 837.1 866 898.7 927.2 948.5 965.6 980.3 992.9 1001 1004.5 1002.5 998.3 995 996.2 996.4 994.5 992.6 992.2 992.8 991.9 990.1 988.2 987.1 988.2 987.4 984.5 980.5 972.8 963.5 952.4 940.6 931.9 926.7 924.1 920.8 918.9 913.9 914.6 911.2 900.2 879 862.5 850.3 850.6 852.5 856.1 860.5 863.3 868.2 865.2 832.3 799.4
980 961.6 943.7 930.4 919.2 910.5 902.2 893.3 883.8 875.8 867.6 859.6 840.7 810.5 781.2 762 746.4 731.9 719 707.1 710.1 728.7 734.6 750.1 772.7 799.1 825.6 853.4 885.6 916.1 940 957.4 972.2 984.4 992.8 996.1 994.2 989.9 985.4 985.3 986.5 985.7 985.2 985.1 985.1 984.1 983.2 982 980.8 982 983.4 980.7 976.8 969.2 959.1 948 936.2 927.2 921.6 918.2 916 915.7 915 917.6 915.2 910.4 904 892.5 886.7 888.5 890.6 893.8 897.8 901.1 903.8 885.3 862.1 822.4
990 972.9 956.3 942.8 931.5 922.6 913.3 902.1 890.3 881.3 873.8 865 838.8 802.7 773.9 755.4 744.8 730.8 716.5 707.6 700.9 715.4 726.2 742.8 763.4 789.2 816.1 841.6 871.6 903.3 929.1 948.4 963.3 976 983.8 987.4 987 982.8 977.4 975.2 977.1 978.1 978.1 978.1 978.2 977.4 976.8 975.7 974.3 977.7 980 977.6 972.8 964.8 955.1 943.2 931.6 922.1 916 912.8 911 911.5 914.6 918 918.4 918.3 916.6 915.8 916.6 919.5 925 929.5 934.2 938.5 938.9 911.9 876.7 838.3
997.5 980.6 966.7 953.9 943.9 935 924.2 909.9 896.5 887.9 877.9 864.8 832.1 796.6 767.7 751.3 741.4 729.9 716.4 702.9 692.8 706.4 718.3 733.3 753.7 779.3 806.3 830.6 859.1 890.1 916.5 937.9 953.7 967 976.3 980 979.7 976 968.7 965.3 967.6 970 970 971.2 971.3 970.4 969.2 967.3 968 972.6 975.4 972.3 967.6 959.8 949.9 937.8 926.4 917.6 911.3 908.5 906.3 909.3 914.3 919.6 923.1 926.3 930.9 935.4 937.6 943.4 950.8 957.4 963.6 969 967.2 927.5 883.3 852.8
1003 988.4 976.1 965.8 955 945.3 933.7 919.2 904.1 893.5 882.4 866.8 833.8 789.3 761.5 747.1 739.4 730 714.4 699.4 685.9 698.7 709.8 725.4 745 768 793.6 820.4 848.6 879.5 905.5 925.8 942.9 955.8 965.7 971.3 971.7 967.7 962 956.1 958.6 961.6 961.6 963.5 963.8 963.3 961.5 959.5 960.2 964.4 967.6 966.8 962.6 954.7 944.6 932.3 920.5 912.3 905.5 903.1 902.9 908.5 915.2 922.9 930.5 937.1 943.5 948.9 953.6 960 966.5 974.8 981.9 988.5 984.5 939.3 889.1 851.8
1012.9 999.4 988.7 977 964.8 953 940.4 925.1 909.5 897.1 883 862.5 816.9 776.3 752 743.1 736.8 727.4 710.4 697 684.3 691.1 702.6 718.1 735.2 757.5 784 810.7 839 869.1 895 914.1 931.6 944.6 954.2 960.9 962.8 958.8 954.6 948.8 950.3 953 953 955.1 956 955.6 954.2 950.8 950.4 954.5 957.5 958.9 955.2 946.9 937.1 925.2 914.4 906.4 901 897.9 900.8 908.2 917 926.8 936.6 945.7 953.3 959.9 966.5 972.8 980.1 987.8 994.3 1000.8 1003.7 964.8 915.8 864
1019.8 1011.8 1000.2 986 972.2 960.5 944 926.7 908 894.1 879.4 848 795.8 763.2 742.4 735.1 731.6 720.9 701.5 694.7 685 682 696.4 709.3 725.4 748.8 774.5 800.6 828.8 858.7 885.3 903.9 919.8 932.4 941.7 948.9 951.3 949.4 946.2 942 942.3 945 945.5 947.9 947.8 947.4 946.3 943.4 940.4 943.1 945.4 947 944.9 936.3 926.3 916.3 907.9 900.9 895.8 892.6 899.6 909.5 921.1 931.8 941.7 952.7 961 968.4 976.1 982.4 987.6 984.9 974.1 978.3 984.5 966.2 921.1 845.3
1030 1020.4 1008.1 993.3 978 963.2 946 926.6 903.2 886.9 867.1 829.2 787.4 759 740 726.6 718.1 706.8 694.1 689.9 688.5 670.1 689.6 699.7 716.9 742.3 763.5 790 817.7 847.8 875.3 892.7 907 918.8 929.1 935.2 938.3 937.9 935.3 934.5 935 937.9 938.9 940 939.4 938.6 937.5 935.1 928.2 930.5 932.7 932.9 930.5 924.6 914.4 906.1 899.2 893.9 888.9 892 902.1 912.7 924.4 936.8 947.8 958.8 966.9 974.1 979.6 977.5 970.5 945.2 922.6 925 946.6 924.1 890.1 830.1
1036.6 1026.1 1012.9 997.4 980.9 964.1 945.3 920.1 896.8 876.6 857.8 822.4 786.1 758.8 737.3 718.6 703.7 692.3 684.6 682.7 684.3 665.2 679.8 688.1 706.8 731 752.6 776.5 805.1 836 863.9 880.1 892.9 904.7 914.5 920.7 923.4 924.5 923.9 923.8 927.2 930.7 932 931.5 930.5 929.7 928.4 924.1 914.6 916.7 918.3 917.7 914.6 910.1 901.7 894 888.8 884.2 882.2 893.8 904.4 915.7 927.3 939.7 949.4 958.5 962.5 956.4 953.7 922 902.3 884.2 869.6 909.4 909.7 875.7 839.5 797.6
1040.9 1028.7 1014.8 999 980.5 963.4 940.9 914.4 889 870.6 854 826.2 787.3 757.8 734.6 714.6 700.4 688.7 679 673.2 670.6 665.4 669 676.8 695 716.2 737.7 762.3 791.6 820.9 848.3 866.5 878.9 890.4 899.3 905.5 908.7 910.2 912 913.9 917.8 922.9 924.8 923.6 921.4 919.8 915.9 901.8 869.8 899.1 903.6 901.8 897.5 892.2 882.6 875.8 863.1 872.6 883.5 894.5 905.9 916.5 928.5 920.3 914.8 907.2 909.2 907.5 900.8 875.5 849.7 834.7 819.1 870.8 854.3 828.4 797.6 764.9
