Data/Grid/NN99.asc
ncols 200
nrows 200
xllcorner 290000
yllcorner 790000
cellsize 50
[rows 68 to 101 of 200, columns 0 to 77 of 200]
940.9 936.4 932 930.4 927.5 924.3 923 921.9 920.1 918.3 917.1 915.7 913.2 910.1 906.5 900.9 896.6 895.5 898.2 896.4 896.7 886.6 882 881.9 873 867.9 866.8 863.9 864.5 860.8 854 850.4 859.2 854.6 853 858.6 863.8 865.8 868.6 871.6 878.9 883.5 888.7 898.7 906.9 906.2 915 919.1 921.4 923.2 925.2 926.3 928.2 930.3 931.3 932.3 932.5 932.6 932.8 933 935.5 939.2 943.1 946.3 946.9 947.6 948.4 947.5 945.7 943.6 942.7 941.6 941.9 943.2 945 945.6 946.9 952.3
940.9 936.5 932.7 929 926.8 924.5 923.1 919.6 918.3 917.1 915.8 914.4 912.3 909.6 907.6 902.9 900.9 899.1 900.4 900.6 900.3 896.5 889.5 886.6 875.6 872.7 872 869.6 870.8 865.2 866.2 863.7 865.4 860.5 854 858.9 867 867.7 869.3 876.7 882.4 885.5 893.1 898.5 900.5 908.7 915.6 920.2 920.6 923 925.4 925.8 925.8 925.6 926.2 926.8 927.4 928 928 930.1 934.1 937.3 939.4 940.4 940.7 940.9 940.9 939.4 937.5 936 935.1 934.2 934.4 936.2 936.6 937.3 941.7 948.8
941 937 933.4 929.5 926.7 924.5 923.2 922.1 920 917.2 914.4 912.8 910.7 909 907.6 905.1 904.8 903.1 902 902.6 903.2 898.9 894.1 889.9 881.1 881 876.5 874.5 870.6 870.2 872.4 871.2 868.8 863.6 855 859.8 869.6 871.4 872.2 879.1 885.5 893.2 898.9 891.9 905.6 910.6 920.1 922.6 922.6 923.8 923.5 923.2 922.6 921.9 921.6 922.1 922.6 923.6 924.3 928.9 933.4 935.2 934.6 934.1 933.6 933.6 933.7 931.6 930.2 929.7 929.2 928.8 929.4 930 929.6 933 938.8 947.5
941.3 937.3 933.4 929.9 927.4 926 924.7 923.4 920.5 917.3 914.7 912.7 910.6 908.4 907 906 907.2 907.4 904.2 904.6 905.2 902.2 897.8 892.2 886.6 884.8 877.4 875.4 878.5 876.3 876.1 875.9 871.1 862.7 856.8 865.5 868.4 872.2 873.3 879.9 887.2 895.3 892.4 897.5 908.5 919.7 926.3 926.5 925.6 924.2 923.2 921.6 919.4 918.4 918.2 917.9 918.3 920.2 923.6 929 933.9 934.1 932 930.1 929.6 929.2 928 926.9 925.6 924.5 924.9 924.6 923.6 923.5 926.3 930.4 937.6 946.1
942.2 938 934 931.4 929.8 927.8 926.4 925.1 921 917.8 915.8 913.2 909.9 907.3 906.8 906.2 906.4 908 905.1 904.3 907 903.9 899.9 893.3 887.8 883.2 877.4 875.5 877.2 878.4 874.3 873.2 870.2 862.1 858.5 869.7 866.1 869.9 874.8 883.2 890.8 897.7 893.5 903.2 918.9 925 928.1 927.1 926.3 924.2 922.1 919 917.1 915.3 914.8 914.9 915.1 918.1 922.6 928.2 933.4 932.7 929.8 927 925.5 924.7 923.3 922 920.9 919.8 919.5 918.4 917.4 917 923.6 928.7 935.8 942.6
943.2 938.9 936.1 933.4 932 930.2 928.1 926.2 921.6 918.8 916.5 913.7 909.9 906.3 905.9 905.9 905.3 904.7 904.6 903.4 904.9 902.9 898.6 891.5 884.8 882.2 879 881.4 879.3 880.4 873.2 868.5 868.5 862 861 870.2 868.3 872.4 875.1 883.8 891.1 898.9 895.8 904.6 923.7 927.7 928.3 926.4 924.6 923.2 920.6 916.6 914.9 913.3 911.7 912.1 913.1 916.6 921.2 926.8 930.4 928.2 925.2 922.4 921 920.2 918.5 916.8 916.1 914.7 912.8 912 911.6 916.7 921.9 927.6 933.5 939.1
943.7 940 938 935.4 934.3 932.5 930.5 927.2 922.5 919.5 917.1 914.1 909.6 907.2 905.4 904.4 904 903.9 905.2 904.2 904.7 903 900.6 895.5 892.8 888.1 879.7 883.8 881.3 880 873.9 870.6 871.3 865.2 864.7 866.6 866.6 869.3 878.1 879.7 889.8 898.4 900.3 905.9 920.1 928.4 927.8 925.8 923.6 921.5 918.8 915.4 913.4 911.2 909.7 910.8 911.8 914.9 919.4 924.2 925.3 922.7 920.3 917.4 916.5 915.7 913.8 911.6 909 907.8 906.5 906.7 910.7 915.1 920.8 926.4 931.9 937.4
944 941.4 939 937.6 936.1 934.1 931.5 928.2 923.7 920.6 917.9 914.3 910.8 907.5 905.2 903.2 902.5 903.2 901.9 904.7 905.6 903 901.2 896.4 891 887.4 883.7 881.9 881.1 879.1 874.9 874.4 868 868.2 866.3 865.6 865.3 866.9 876.6 884.2 885.7 894.7 901.6 909.5 918.5 924.4 924.1 922.7 920.4 918.1 916.4 912.9 910.7 908.9 908.3 908.2 910.1 913.1 916.9 919.6 918 914.9 913 911.3 909.9 908.2 904.8 902.1 901.2 901.5 900.7 905.2 910.2 915.4 921.1 926.4 931.9 935.2
944.4 941.6 939.8 938.7 937.3 935.5 932.7 929.1 924.8 922.2 919.5 916.5 911.6 908.1 905.7 903 899.3 899.8 899.3 902.1 905.3 902.5 900.8 895 893.8 890.3 885.2 884.6 886 881.2 877.9 873.8 870 868.3 862.7 864.3 864.6 867.7 875.6 881.4 885.7 887.6 902.5 908.5 915.2 918.8 919.6 918.7 917 914.8 911.2 909.7 907.4 906.6 906.7 906.6 908.5 911 910.5 912 910.3 907.5 905.1 902.5 901.2 899.3 897.5 894.2 895.1 896.1 898.6 903.7 910.2 915.9 921.3 926.5 929.5 932.8
942.2 941.6 940.9 939.6 938.2 936.6 933.8 929.7 926.6 924.1 921 916.7 912.8 909.1 905.9 902.7 899.4 898.2 897.4 900 900.9 902.1 901.8 899.7 898.4 893.6 890.6 886.6 887.2 882 875.5 870.8 871.5 864.3 862.7 862.7 863.4 866.9 872.6 878.1 883 886 896.2 904.8 910.2 913.4 914.7 913.9 912 909.7 907.9 903.9 904.4 904.4 903.9 905.1 907.1 906 905.4 903.3 901.3 899.4 896.4 900.4 895.9 894.8 891.6 891.5 892.6 894.2 896.6 902 908.3 915.3 920.5 924 926.8 928.8
940.4 941.8 941.7 940.3 938.6 936.5 934.3 931.2 928.4 926.2 922.9 917.9 914.5 910.5 906.9 902.9 899.9 897.6 897.1 897.9 898.9 901.3 904.6 904.1 901 897.3 894.7 892.1 889.8 883.1 878.3 873.4 867.1 862.7 862.7 863.5 864.8 867.5 870.9 874.9 880.1 881.5 889.7 898.9 905.1 908 909.1 907.9 906.4 902.8 900.3 900.8 901.3 901.3 900.3 902.3 902.1 900.5 899.3 897.7 895.9 893.9 893.2 892.1 891.2 889.9 890.4 890.7 891.2 892.6 894.6 899.8 906.1 911.7 917.1 921.7 924 924.4
940 942.1 941.9 940.5 938.6 936.5 934.6 933.5 931.4 929.1 925.6 920.7 916.5 912.6 909.7 904.6 900.9 898.9 896.4 895.8 896.6 899.4 902.4 903.5 903.3 902.7 899.1 892.4 889.1 883 877.3 868 862.7 862.7 862.7 864.5 864.6 866.2 869.3 872.2 875.9 880.3 887.2 895.2 900.2 902.4 902.1 901.1 900.8 897.9 896.6 897.4 898.2 898.1 898.5 899.3 896.7 894.9 892.9 892.7 892 891.2 890.9 890 889.1 888.4 889.4 889.8 890.8 892.2 894.4 899.9 904.6 907 911.8 915.5 917.1 917.1
940.6 941.4 941.8 940.4 938.6 937.3 936.9 936.5 934.6 932.1 928.3 923.5 919.4 916.3 913.9 908.5 904.5 901.5 898.6 895.1 894.8 896 899.6 901.8 904.3 904.8 899.6 893.2 889.7 882.4 879 870.7 864.2 862.7 863.5 866 865.6 865.1 865.6 869.1 873.5 878.2 883.7 890.8 893.7 895.4 895 893.2 894.4 893 892.4 894.2 895.6 894.5 894.2 894.3 891.8 891.5 891 889.9 889.8 889.1 888.2 888.4 888.9 888.4 889.2 889.6 891 892.9 894.7 897.6 900.5 904.1 907.7 909.7 910.2 909.3
940.2 940.8 941.5 940.9 939.7 938.5 938.2 938.6 937.7 935 931.5 926.6 922.9 920.2 916.5 912.9 910.4 905.4 901.5 897.6 894.2 892.3 895.9 900.7 904.7 905.4 902.2 897.6 893.5 884.8 878.2 870 864.4 864.2 864.6 865 864.6 863.9 866.6 869.7 874.8 877.6 881.3 886.6 888.5 889.8 890.1 888.7 889.2 889.1 890.1 892.1 892.4 891.4 890.7 889.6 889.3 889.5 889.5 887.5 886.5 888 889 888.8 888.3 889.1 890.1 890.1 892 894.1 895.6 896.4 898.8 901.8 903.7 904 902.7 901.1
939.5 941.6 942.5 942.7 941.4 940 939.8 940.3 939.9 937.9 936.2 932.4 928.2 923.1 919.6 916.1 914.6 911 904.6 900.6 896.4 891.8 890.3 895.7 903.2 905.9 904.5 900.6 895.6 887 878.9 871.8 866.7 864.7 864.6 865 866 866.4 867.1 869.7 875.2 878.3 878.7 881.4 883.4 884.2 884.8 884.9 885.8 885.7 887.2 889.2 888.8 887.7 887.6 886.8 886.2 886.7 885.6 886.5 890.1 890.8 890.6 891.8 893.4 893.7 894.2 895.6 896.9 898.6 900.9 901.3 899 899.6 900.7 899.4 896.4 893.7
940.8 942.6 943.7 944.3 943.4 942.1 941.1 942.5 942.7 941.5 939.7 937.4 933.2 927.6 922.5 919.5 918 915.3 908.4 903.9 898.8 894.2 887 891 898.7 904.6 904.5 900.7 895.1 888.7 880.9 874.3 868.6 865.7 866.6 867.4 868.3 869.4 870 872.3 876.1 880 881.3 881.3 879.1 880.5 880.4 881.1 882.3 882.6 884.3 885.4 885.7 885.4 885.5 882.8 886.1 888 889.8 891.4 893.1 893.8 894.6 896.9 899.6 901.6 903.6 904.6 905.9 907.2 908.4 908.2 905.8 902.9 899 895.5 891.1 886.5
942 943.8 944.9 946.5 945.9 944.7 944.3 945.5 946.3 945.1 943.5 941.7 938.3 930.8 924.5 922.4 922 918.5 912.6 907 901.5 896 887.5 886.6 894.5 900.8 900.5 898.5 894 888.6 882.9 876.3 870.1 866.5 868.7 869.8 870.5 871.6 873.4 875.7 879.8 884.1 884.8 883.7 881.5 879.7 877.2 877.8 879 879.5 880.7 881.5 882.3 882.9 883 884.8 889.6 893.6 896 898.2 899.5 900.1 901.9 905.9 909.3 911.5 913.8 915.7 917.7 918.9 919.7 919.1 916.2 912.5 904.9 895.8 888 881.8
942.8 945 946.8 948.6 948.8 947.5 947.4 948.7 949.3 948 946.4 944.4 939.8 933 927 924.1 924.3 921.3 916.3 910.5 903.5 896.2 886.4 880.9 890.1 896 896.6 894.8 891.8 887.6 882.7 876.3 870.7 869.8 871.4 872.4 873 875.8 878.2 879.9 883.8 888.2 889.7 886.5 882.7 879.2 876.6 876.4 876.7 877.4 878.4 879.5 880.2 881 882.9 886.7 893.4 898.9 902.6 905.8 906.7 908.7 912 915.9 921.1 923.4 925.8 929.2 931.8 932.9 934 932.5 929 923.2 914.7 903.7 893.5 883
943.1 946.1 948.4 950.6 951.5 951.3 950.9 951.1 950.9 950 948.3 945.6 940.4 935.4 930.8 925 924.7 921.7 917.8 911.2 903.8 895.4 885.8 875.9 884.1 890 892 891 888.6 886.1 881.5 875.8 872.3 873.5 874.5 875.6 878.6 883.2 886.1 886.9 889 891.7 893.7 890.6 886.7 881.6 878 877.2 876.5 876.5 876.9 878.2 878.7 880.8 881.9 888.3 897 904.3 909 911.3 916.9 921.8 925.5 931.7 939.7 943.6 944.8 947.9 951.6 952.8 952 948.4 943.2 935.7 926.5 914.9 903 891.1
944.8 947.1 949.9 952.2 954.2 954.8 953.9 953.2 952 950.6 948.9 947 943 938.6 933.8 926.8 922.7 920.2 916.1 909.5 901.5 893.1 885.5 871.9 876.8 884.2 886.3 886.3 884.8 882.4 878.3 873.3 875.3 877.3 879.7 882.1 885.2 891.7 894.1 895 895.9 897.7 899.5 895.6 890.7 885.7 881 878.2 876.7 876.5 876.8 878 879.2 879.9 882.4 891.6 900.9 909.2 917.9 922.3 929.8 936.4 942.6 954 963.5 966.1 965.1 968.9 970.6 970.8 967.9 962.6 955.8 946.9 937.4 926 913.6 900.4
946.3 948.3 951.4 953.8 956.5 955.1 953.9 952.8 952.6 951 949.3 947.2 943.7 939.6 934.8 927.5 921.6 917.4 911.2 904.7 898.2 890.9 883.7 873.8 869.1 878.3 879.3 879.6 879.6 878 876.1 874.1 876.9 879.3 882.9 888.1 892.3 898.8 901.2 902.7 902.7 903.2 904.7 899.5 894.6 889.8 884.8 879.2 877.6 876.4 876.7 877.6 878.3 880.7 886.4 894.4 904.3 914.8 924.1 932.2 941.9 949.9 962.1 974.2 978.4 979.1 979.3 982.5 983.7 983 980.1 975.4 968.5 959 948.2 937 924.1 910.3
947.4 949.4 952.8 954.5 955.2 954.5 952.8 951.3 951 950.5 947.7 944.7 941.1 937.4 932.8 926.3 920.3 914.9 907.5 899.9 893.9 888 881.7 872.6 857.4 870.4 872.4 873.1 873.6 873.9 872.7 873.8 878 881.1 885.2 890.9 897.1 902.6 906.2 908.1 908.4 909.6 908.5 903.3 897.8 892.9 888.8 883.3 878.4 876.1 876.2 876.8 878.9 883.5 890.7 899.5 910.1 919.7 929.2 939.4 951 962.2 976.8 985.3 988.3 989.9 989.6 989.6 992.5 993.6 992.2 988.3 982.8 972.1 960.1 948.5 934.4 920.8
946.6 948.5 950.4 952.1 952.8 951.9 950.2 948.5 948.2 948.1 944.1 939.7 936.2 933.1 928.8 924.2 919.4 913.1 904.1 896 888.3 883.6 876.3 867.9 857.2 862 865.8 865.9 867.9 867.5 862.9 873.5 880.1 883.5 887.9 894.3 900.5 905.1 908.2 909.8 911.7 913.6 910.8 906.4 901.2 897.2 893.4 887.2 880.5 876.5 875.8 876.8 879.7 885.7 894.9 905.2 914.9 924.5 933.7 944 956.8 971.7 984.6 992.4 997 998 997.8 996.3 1000.3 1003.9 1004.6 1001.8 996.9 987 975.3 963.6 950.5 935.5
944 945.9 947.7 949.4 950.4 949.3 947.5 945.8 945.3 945.1 940.7 934.3 931.5 928.7 925.7 922.3 918 911.3 901.8 892.6 888.4 882.1 877.3 870 860.2 850.8 858.1 858.6 857.7 855.6 866.1 874.8 881.7 885.5 891.2 896.6 901.4 906.5 908.8 911.4 914.1 915.1 913.1 908.8 904.1 899.9 895.4 889.7 884.2 878.6 873.5 878.2 882.6 888.6 897.9 908.7 919.8 928.5 937.2 947.7 960.8 975.4 987.6 996 1001.7 1004.3 1005.3 1004.4 1007 1014 1016.1 1015 1010.3 1005 996.2 986.8 978 961
941.6 943.4 945.6 947.7 948.7 947 945.2 942.8 938.8 936.7 934.4 930.3 928.4 926.5 924.4 920.7 915.4 907.3 898.5 899.5 895.2 887.7 880 874.1 865.6 844.5 847.7 847.4 846.6 853.1 867.5 876.1 882.1 886.9 894.5 898.8 902.8 907.8 910.2 913.2 915.5 916 914.7 911.1 905.9 901.2 896.4 890.7 884.8 877.2 875.8 880 886.2 893 900.8 911.4 920.4 929.2 939 949.7 962 977.1 987.8 996.8 1004.1 1007.1 1010.8 1012.6 1015.1 1020.6 1026.3 1026.7 1024.6 1023.2 1021.4 1014.1 1002.4 984
940.2 942.6 944.7 946.9 947.2 945.4 943.1 938.6 933.6 932.3 930.4 927.8 926.3 924.8 922.4 918.2 911.3 911.3 911 907.1 902.5 894.4 885.4 878.4 870.1 857.3 835.2 837.4 835.5 851 866.1 875.4 882.7 889.8 897.8 901.4 905 908.9 911.6 913.9 916.3 916.9 916.5 913.3 907.9 902.4 896.9 890 882.3 869.8 878.6 882.7 889 895.8 903.9 911.6 920.6 928.8 937.6 947.7 962.1 975.6 985.9 995.7 1003.6 1009.4 1013.5 1017.9 1021 1026.4 1033.1 1037.9 1037.3 1038.1 1036.4 1029 1015.5 998.7
939.1 941.7 944 945.5 945.4 943.3 940.5 935.5 931.9 930 928.1 926.2 924.4 923 919.1 916.4 918 918 916.1 913.3 909.1 901.9 893.7 884.6 875.6 864.8 847 828.4 829.4 846.8 863.1 874 883.4 891.1 898.2 902.8 906.8 909.4 911.5 914.1 916.9 918 918.4 914.9 910.3 904.9 896.8 888.8 879.3 874.1 881.3 886.7 892.7 898.1 904.5 911.9 919.7 927.7 936.1 947.1 960.7 973.1 983.9 994 1002.9 1010.7 1016.1 1021 1025.9 1033 1040.5 1046.1 1048.1 1048.4 1044.9 1035.8 1023.8 1008.1
937.9 940.6 942.9 943.3 943.4 942.1 940.1 936.4 932.5 929.8 926.8 925.4 924.7 922 921 920.8 921.7 922.2 921.1 917.8 914.8 909.2 901.6 892.6 884.2 874.8 859.2 838.5 821.4 838.6 857.1 870.6 881.5 890.2 897.2 902.6 906.4 910 912.6 915.5 917.3 918.2 917.5 914.6 910.4 906.1 897.5 887.7 875.8 873.6 884.1 891.1 897.2 902.1 906.5 911.3 918.8 926.7 935.5 946.4 956.9 969.9 982 991.8 1002 1011 1017.6 1023.6 1029.9 1037.9 1046.3 1052 1055.5 1055 1050.1 1040.8 1029.7 1015.3
936.9 939.2 941.2 941.2 941.3 941.6 939.8 937.1 933.2 930.3 927.9 926 925.4 924.1 923.1 922.8 923.7 925.6 925.7 923.2 919.2 913.2 907.7 901.5 894.1 884.7 867.9 846.7 824.4 825.7 842.8 858.7 870.7 882.4 894.9 901.3 906.3 910.1 913.5 915.9 917 917.2 915.7 913.2 909.3 903.2 894.4 884.5 860.8 875.4 887.4 894.9 901.7 907.1 912 916.6 918.1 925.9 934.3 943.7 954.2 965.5 978 988.3 999.9 1009.8 1017.3 1024.4 1033.1 1042.1 1050.4 1056.4 1059.6 1058.7 1053.2 1044.1 1034 1021.7
935.9 938 939.1 939.1 939.3 939.5 939.7 937.3 933.8 931.9 929.2 926.7 925.1 925.7 925 924.2 924.9 927.3 930 928.5 923.7 918.8 912.8 907.8 900.9 893.3 877.5 857.2 835.9 815.4 822.9 835.2 847.6 868.5 890.7 899.9 905 909.9 913.4 915.5 915.8 915.8 913.7 909.9 905 898.3 890 879.2 854.7 876.4 889.6 898.6 905.5 912.5 918.7 924.3 926.6 926.3 933.4 942.2 951.5 960.3 972.9 985.7 997.4 1008.5 1017.1 1026.1 1036.1 1045.8 1052.9 1059.3 1062.4 1061.3 1055.3 1047.9 1038.4 1028
934.7 935.9 936.8 937 937.2 937.4 937.7 937.5 935.2 933.5 930.6 927.6 926.6 926.3 926.1 926 926.2 929 932 933.1 929.9 923.8 918 913.3 907.8 901.2 888.8 869 847.1 829.7 811.3 814.6 832.7 857.3 882.8 898.1 904.2 908.7 911.2 913 913.6 913.5 909.2 903.7 897.9 891.5 883.6 872.6 856.1 877.5 891.7 902 909.5 916.8 925.6 931.4 932.8 934.4 932.7 940.6 948.1 956.3 966.3 979.4 993.5 1004.9 1015.8 1026.7 1038.4 1048.1 1055.5 1060 1062.2 1062.2 1057 1050.7 1042.8 1032.7
933.1 934.4 935.1 935.2 935.4 935.5 935.8 936.5 935.9 934.5 931.2 928.3 928.2 929.4 928.9 927.7 926.4 930.1 933.4 934.8 931.9 927.1 920.5 914.8 909.4 904.5 897.2 881.1 862.6 843.3 824.3 801.7 820.1 846.6 874.2 894.5 903.4 906.9 908.7 909.8 908.8 906.6 901.5 895.1 889.2 882.1 874.5 863.4 855.7 878.4 894 904.4 912.8 922.7 931.5 938.5 941.6 942.5 942.6 942.7 947.4 954.8 961.9 972.7 986.9 1002.5 1013.9 1026.7 1039.5 1049.8 1057.2 1061.3 1062.7 1062.1 1059.5 1053.1 1046.4 1037.8
930.9 932.9 933.6 933.3 933.5 934.1 934.8 935.7 935.2 934.3 931.8 928.6 928.9 931.1 930.9 928.2 926 929.2 932.5 934.6 931.9 926.7 920.8 915.9 910.4 906 901.2 892.9 878.2 856.3 831.9 805.4 808.7 835.1 863 888.4 898.9 901.9 902.2 899.7 893.7 889.4 884.6 879.7 874 866.1 859.9 836.6 859.4 880.6 894.6 904.7 917.1 928.2 937.3 945.7 949.9 951.3 951.1 949.7 948.2 953.4 959.4 967.2 980.1 996.2 1011.9 1027.2 1040.7 1050.4 1058 1062.2 1063.5 1063.2 1060.7 1055.5 1050.7 1046.5
929.9 931.5 931.9 931.7 932.4 933.1 934 934.8 934.3 933.8 932.1 929.7 930.3 932.6 931.9 929.9 926.2 927.6 929.6 930.4 927.4 923.5 918.6 916.6 911.4 907.6 904.1 897 888.2 868.3 839.1 810.7 798.7 823.6 850.4 875.7 888.3 892.8 887.2 874.6 864.5 855.8 851.6 850 844.7 839.4 834.8 842.7 868.7 883 894 905.5 919.4 932 943.1 952.4 957.4 958.6 958.3 956.9 955.7 956.1 958.8 964.4 975.1 990.8 1008.3 1026.6 1039.9 1050.1 1057.9 1062.8 1065.7 1065.4 1063.4 1060.9 1056.9 1051.3
