Data/Grid/NN99.asc
ncols 200
nrows 200
xllcorner 290000
yllcorner 790000
cellsize 50
[rows 0 to 33 of 200, columns 0 to 77 of 200]
979.6 994.2 1012.6 1030 1044.6 1054.3 1062 1063.1 1059.6 1051.4 1040.8 1027.8 1010.3 994.2 965.8 925.8 885.9 848.8 818.2 798.4 783.7 740.1 696.7 648.4 607.7 576.5 546.7 519.5 502.4 500.3 500.2 499.3 498.5 497.3 495.7 495.8 496.1 497.1 498.7 502.4 509.8 518.8 527.8 537.4 553.7 577 607.2 642.9 681.2 708.7 728 742.4 761 778.4 797.2 816.8 831 847.3 866.1 886.7 907.9 930.1 949.9 969.3 991.7 1013.6 1035.1 1052.4 1072.4 1093.3 1110.5 1126.2 1141.5 1157.1 1172 1186.1 1196.3 1203.9
978.2 990.6 1007 1022.8 1038 1048.1 1054.2 1056.4 1053.7 1047.2 1035.7 1022.4 1005.8 990.3 962.1 915 874.2 839.3 795.6 763.3 752.9 722.1 676.4 636.6 602.4 571.4 543.2 516.9 501.2 499.3 498.5 499.2 498.2 497 496 496.6 496.6 497.8 499.1 502.8 511.3 519.9 529.2 542.6 557.6 577.7 606.9 639.1 656.5 677.5 691 709.7 729.8 750.1 771.1 793.5 812.3 828.5 843.8 860.6 880.1 900.5 919.4 939.7 960.2 983.6 1003.8 1025.6 1050.2 1085.5 1111.7 1130 1146.5 1163.1 1179.6 1195.2 1206.2 1213.8
975.9 987.3 1002.1 1018.5 1032.8 1044 1051.8 1052.9 1050.5 1044.2 1034 1018.5 1001.9 983.1 949.1 907.3 870.7 826.3 783.9 747.4 718.2 696.6 660.4 626.7 594.5 566.4 537.7 515.3 503.7 495.2 495.2 495.2 495.2 496.8 497.3 497.2 497.2 498.4 499.6 503.5 512.1 520.9 530 547.2 565.3 584 601.3 631.4 653.7 675.8 697.9 717.8 735.4 747.1 755.4 777.5 799.5 820.1 837.2 852.9 869.2 885.9 898.7 914.5 932.4 954.7 976.2 999.2 1032.7 1072.1 1107.4 1129.7 1148.6 1166.4 1183 1199.6 1211.6 1219.9
975.7 986.6 1000.4 1016.9 1030.5 1041.3 1050.2 1050.8 1048.8 1043.1 1031.6 1015.8 994.7 962.9 937 900.3 860.3 823 771.6 745.7 714.2 671.2 629 608.7 581.7 556.5 533.9 517.2 505.4 495.4 495.2 495.2 495.2 497.4 498.6 498 497.9 499.1 500.3 504.1 514 522.9 536.1 554.3 575.2 594.4 624.7 651.6 671.1 686.6 702.9 722.3 742.5 757.5 768.4 778.6 789.5 806.8 824.8 841.6 859.8 878.3 892.3 904.2 919.2 938.7 958.8 983.3 1015.2 1054.1 1093.7 1126 1147.5 1169.3 1186.3 1202 1214.7 1222.6
975.4 985.8 998.5 1014.8 1029.7 1042 1049.1 1051.2 1048.5 1041.7 1029.1 1011.6 986.7 948.7 911 888 867.5 836 792.3 747.3 710.5 674.4 636.1 603.5 575.3 552.2 526.5 514.6 503.2 495.2 495.2 495.2 495.2 495.2 498.7 498.7 498.6 499.9 501.7 506.6 515.7 526.5 541.1 560.7 581.4 606 636.7 665.9 690.9 707.9 722.6 736.9 750.9 763.6 778.4 792.9 801.3 811.2 825.1 839.2 854.8 871.5 888.1 904.1 919.1 935.5 953.9 979.4 1008.6 1040.8 1079 1114.3 1143.7 1169.4 1187.6 1203.1 1213.6 1221.7
975.7 987.4 1001.2 1016.6 1031.5 1043.2 1050 1051.7 1048.3 1039.2 1024.1 1005 975.3 930.9 892.6 859.9 837.2 813.2 784.5 747.1 705.5 665.9 630.6 600 571.3 545 521.1 505.2 495.2 495.2 495.2 495.2 495.2 495.2 495.2 495.2 498.2 500.7 502.4 508.3 518.3 530.6 546.8 567.4 587.9 615.8 646.3 677.1 705.1 727.3 740 755 767.7 773.7 786 802.4 813.1 823.3 833.3 846.4 861.6 877.5 894.2 906.5 919.7 935.9 955.9 980.2 1006.8 1033.9 1065.4 1102.9 1141 1170.2 1189.5 1204.7 1213.8 1221.7
978.6 990.1 1004.6 1019.3 1033.9 1044.1 1051.2 1052.4 1048.5 1037.3 1019.4 995.8 971.2 941.7 901.6 860.6 819.9 775.1 755 737.9 698 656.2 621.3 590.7 562.5 536.2 513.3 495.2 495.2 495.2 495.2 495.2 495.2 495.2 495.2 497.4 498.7 500.7 502.7 510.8 523.3 535.7 549.6 572.9 595.9 625.3 656.8 686.2 712.3 736.5 750.8 764.5 777 787 794.5 808.6 823.6 834.7 844.3 855.5 870.2 884.6 899.8 908.7 918.3 936.7 961.8 988.7 1013.9 1040.5 1073 1113.2 1150.9 1176.2 1193.8 1206.9 1214.9 1221.8
986.4 998.6 1011.2 1023.6 1036.3 1046.6 1052.2 1052.7 1048.6 1036.4 1013.5 984.7 953.4 924.4 895.8 863 828.7 790.7 753.3 714.2 676.4 637.4 607.6 580.1 553.2 527.3 503.7 495.8 495.2 495.2 495.2 495.2 495.2 495.2 495.2 497.5 499.9 501.8 504.8 515.4 529 542.5 560.7 580.8 597.1 629.4 660.4 688.4 714 737.5 757.5 772.4 785.9 801 811.9 824.7 836.3 848.8 857 870 882.8 894.6 904.1 911.5 924.5 946.1 972.3 1000.8 1028.1 1057.4 1093.9 1129.7 1160.7 1182.2 1197.7 1209.2 1216.9 1222.7
997.8 1010 1020.8 1031.3 1042 1049.4 1053.7 1054.1 1049.5 1036.8 1012.6 981.2 942.1 908 872.6 840.4 811.8 782.4 748.7 708.9 661.9 620.5 588.1 558.6 536.3 518.5 508 495.2 495.2 495.2 495.2 495.2 495.2 495.2 495.2 495.2 499.3 502.6 506.4 518.1 531 548.7 568.5 589 612.5 640.4 664.8 690.7 706.9 730.7 754.3 773.4 791.3 808.6 823.9 840.7 857.2 871.6 881.3 891.4 897.8 904.3 910.3 920.5 937.3 959.5 986.6 1016.8 1050.9 1084.7 1116.3 1144.8 1168.3 1187.8 1200.7 1211.9 1218.6 1222.1
1008.7 1021.6 1031.6 1041 1048.9 1054.2 1056.5 1056.4 1052.5 1042.3 1022.2 995.2 960.4 923.4 892.3 861.6 837.7 806.9 761.8 709 660.2 623.6 592.3 562.9 536.3 517.9 504.2 495.2 495.2 495.2 495.2 495.2 495.2 495.2 495.2 495.2 495.6 503.6 508.7 522.3 536.6 555.9 578.2 600.5 624.1 650.9 677 701.2 722.1 738.5 753.5 771.4 792.2 810.6 827.6 844.1 863.2 880.8 897.7 912.9 921.5 927 932 945.2 961.8 985.2 1012.9 1043.5 1074.3 1104.1 1131.6 1157.2 1177.9 1193 1204 1213.3 1219 1222.3
1016.9 1029.9 1040.4 1048.3 1054.3 1059 1060.4 1059.6 1056.5 1048.4 1030.4 1007.7 978.3 943.9 912.7 880.9 857.1 821 760.2 701 652.4 616.9 585.7 556.9 529.9 508.4 495.2 495.2 495.2 495.2 495.2 495.2 495.2 495.2 495.2 495.2 495.2 503.9 511 529.3 545.8 563.1 586.1 610.8 635.2 661.2 689 713.1 734.4 753.2 770.7 784.1 796.8 812.4 830.7 848.3 866.5 885.1 903.6 922.3 938.4 952.5 962.6 976.4 994.3 1014.6 1037.6 1062.8 1088.9 1115.2 1142.9 1169.6 1190.2 1201.3 1208.5 1215.5 1219.3 1221.4
1022 1034.4 1044.9 1052.8 1058.3 1062.7 1065 1063.9 1060.5 1044.8 1019.9 989 984.3 950.7 913.4 868.4 829.8 784.6 734.5 685.4 639.3 605 574.4 547.7 521.3 497.1 495.2 495.2 495.2 495.2 495.2 495.2 495.2 495.2 495.2 496.3 499.9 507.1 517.3 534.5 548.4 568.9 593 619.2 643.7 671.1 698.7 724.3 743.7 764.8 779.6 792.2 803 819.2 838.9 854.8 871.7 889.6 908 927.8 945.7 962.6 978.8 994.7 1013.2 1033.2 1054.3 1076.6 1101 1126.7 1154.6 1182.4 1202.8 1212.9 1215.6 1217.5 1219.4 1221.6
1024.2 1037 1047.2 1056.2 1061.1 1065.7 1068.9 1068.9 1064 1021.5 988.7 973.6 939.7 942.2 907.8 867 832.2 792 739.7 678 635.6 601.5 569.9 540.4 514.2 495.2 495.2 495.2 495.2 495.2 495.2 495.2 495.2 495.2 496.7 499.6 505 511.9 520.4 538.5 556.4 578.6 602.5 628.2 653.7 680.9 707.9 735.5 755.7 774.3 788.9 801.2 816.2 833.3 850.4 863.6 882.8 900.1 918.3 937.6 954.3 972.5 990 1008 1027.2 1047.7 1069.5 1091.5 1114.8 1140.4 1168.9 1195.9 1215.4 1222.5 1223.1 1222.8 1223.1 1223.4
1022.8 1038.1 1048.3 1058 1065.7 1070.9 1074.4 1075.2 1062.4 1031.5 993.7 941.8 906.2 893.3 880.1 867.1 849.2 781.7 730.7 667.7 626.9 592.4 560 531.8 506.7 495.2 495.2 495.2 495.2 495.2 495.2 495.2 495.2 495.2 497.3 502.3 509.5 517.5 527.1 545.6 566.9 589.2 613.4 638.3 662.6 690.2 719 745.1 765 784.2 799.2 814.2 829.3 845.9 862.2 880.3 898 915.7 935.5 953.5 970.1 987.9 1005.1 1024.3 1043.8 1063.4 1084.5 1108.1 1133.1 1159 1186.4 1211.1 1226.1 1229.1 1228.7 1228.1 1227.6 1226.2
1020.7 1036.8 1049.1 1060 1069.4 1075.4 1080.4 1077.2 1038.8 1020.8 968.9 935.7 881.9 869.6 838 827.4 811.1 767.8 706.1 655.1 618.7 582.6 550.6 522.6 495.8 495.2 495.2 495.2 495.2 495.2 495.2 495.2 495.2 495.2 499 503.6 510.9 521.8 532.3 552.5 572.8 596.6 622.4 647.5 671.6 698.8 728.1 752.8 773.3 792.5 807.5 822.9 839.4 857.5 877.2 896.3 914.1 932.9 949.1 967 985.6 1005.5 1025 1043.6 1062.1 1083.1 1104.8 1129.1 1154.2 1180.4 1206.2 1225.1 1232.5 1233.5 1233.1 1231.8 1229.6 1227.7
1015.7 1034.1 1049.5 1062.2 1073.2 1080.9 1084.1 1057.8 1015.1 984.6 970.1 926.6 881.3 836.7 798.6 789.8 788.3 746.7 691.6 640.1 605.1 573.4 543.2 515.2 495.2 495.2 495.2 495.2 495.2 495.2 495.2 495.2 495.2 495.2 498.4 504.2 511.3 527.2 545.1 547.5 574.3 602.4 630.8 655.7 679.1 705.3 733.5 757.8 776.6 795.6 813.9 830.4 848.8 867.8 888 907.7 928.3 948.5 967.1 986 1004.6 1024.8 1045.6 1065.1 1085.5 1107.3 1129.4 1152.6 1175.9 1199.8 1220.2 1230.3 1234.3 1234.1 1234.2 1233.6 1230.8 1227.6
1010.2 1029.8 1048.1 1063.3 1077.4 1087.1 1084.9 1045.1 1002.7 962.3 929.1 905.3 884.5 855.2 818.1 774.8 739.1 727 676.2 628.5 593 562.8 535.7 511.1 495.2 495.2 495.2 495.2 495.2 495.2 495.2 495.2 495.2 495.2 498.1 504 516.4 535.3 553.7 570.7 565.3 601.5 634 658.8 682.3 708.1 733.4 758.1 777 794.9 814.7 832.5 852.5 872.7 894.4 916.1 938.8 959.2 978.9 999.5 1020.5 1041.6 1062.5 1084.8 1106.2 1128.7 1150.5 1173 1193.4 1212.9 1226.6 1231.8 1234 1233.4 1232.4 1230.9 1229 1226.5
1005.3 1026.7 1046.9 1064.5 1080.1 1091.6 1087.9 1055.4 1024.3 986.2 945.5 912.4 870.7 830.8 813.2 781.7 747 701.1 645.9 604.6 576 551.6 528.9 508.2 495.2 495.2 495.2 495.2 495.2 495.2 495.2 495.2 495.2 495.2 499.3 507.1 521.2 542.8 562.9 583.7 597 595.8 629.5 658 679.6 704.5 729.9 752 770.9 790.4 810.7 830.5 849.4 870.5 892.2 915.8 939.4 962.5 984.3 1004.8 1028.1 1049.9 1071.9 1095.3 1118.4 1142.6 1165 1185.6 1204.1 1220.2 1228.8 1232.3 1233.1 1230.6 1229.8 1227.6 1225.2 1222.3
1002.9 1025.3 1045.8 1064.6 1082.6 1095.4 1074 1036.5 999.3 965.8 941.1 911.9 883.3 835.9 797.8 778.2 743.8 695.3 649.8 608.8 577 548.8 523.7 506.3 495.2 495.2 495.2 495.2 495.2 495.2 495.2 495.2 495.2 495.2 498.9 511.2 527.4 551.7 572.9 594.7 612.7 612.7 622.5 652.4 675.3 697.8 720.2 741.9 762.1 783.8 804.3 825.4 844.4 864.5 885.5 909.2 932.8 957.3 980.8 1004.6 1028.2 1051.5 1075.8 1099.2 1123.3 1147.7 1172.2 1193.1 1211.6 1225.7 1230.7 1232.2 1231.1 1228.2 1226.2 1223.7 1221.4 1218
1005.8 1028.7 1049.9 1068.8 1088.1 1102.8 1070.4 1030.8 992.4 953.7 911.9 889.9 855.3 834.3 794.9 757.5 729.1 686.5 644.1 605.8 573.6 542.8 516.9 500.1 495.2 495.2 495.2 495.2 495.2 495.2 495.2 495.2 495.2 495.2 503 516.6 536.8 561.6 584.6 608.1 629.3 644.1 637.4 652.3 679.2 698.5 720.2 739.4 759.1 779.7 797.8 818.9 839.3 858.3 878.7 900.1 923.5 947.1 972.6 999.4 1025.4 1050.9 1075.9 1100.8 1125.4 1150.3 1174.5 1196.5 1216.6 1230.1 1233.7 1233.4 1230.6 1226.8 1222.9 1219.7 1217.8 1215.4
1012.7 1036.5 1056.1 1075.6 1095.2 1108.8 1082.5 1037.4 996.8 963.5 927.7 889.3 848.1 815 770.2 744.7 710.7 670.9 633 599.1 567.7 538.3 513.4 495.2 495.2 495.2 495.2 495.2 495.2 495.2 495.2 495.2 495.2 495.2 509.6 525.1 547.6 572.4 597.1 621.5 643 660.8 658 657.1 684.1 703.5 726.5 748.1 768.3 787.6 805.3 820.1 835.4 854.1 872.3 892.6 914.7 940.3 966 992.5 1019.5 1047.3 1074.2 1100 1125.7 1150.6 1175.9 1199.3 1219.1 1232.9 1236.1 1234.3 1229.5 1225.7 1221.2 1217.5 1214.9 1212.9
1027.8 1048.2 1066.9 1083.9 1099.9 1101.3 1068 1035.9 1000.2 964 932.3 892.7 852.3 813.9 777 739.3 693.3 655.3 613.9 582.9 556.9 532.7 513.1 498.8 495.2 495.2 495.2 495.2 495.2 495.2 495.2 495.2 495.2 500.9 516.6 534.2 559.3 584.3 608.5 635.4 658.8 674.4 673.3 663.8 688.2 707.9 731.1 752.3 772.7 792.6 811.5 828.8 842.9 855.6 871.8 888.4 908.8 935.4 961.2 986.7 1011.8 1038.3 1064.9 1091.7 1118.5 1145.8 1172 1199.8 1220 1233.3 1236.9 1234.6 1229.5 1224.6 1220.7 1215.3 1212.4 1210.5
1049.6 1063.4 1076.2 1089.2 1101.5 1090.4 1049.6 1013.4 981.5 951.5 918.5 883.2 848 812.9 776.8 738.2 698.8 653.2 611 578.9 550.1 532.8 512.9 495.2 495.2 495.2 495.2 495.2 495.2 495.2 495.2 495.2 495.2 503.5 523.4 543.5 570.3 597.1 623.5 653.8 681.2 692.5 690.1 683.4 691.8 713 735.4 754.9 775.3 796.3 816.5 835.7 853.4 866.9 877.6 891.1 905.7 928.7 956.3 979.3 1002.6 1025.5 1051.4 1077.1 1103 1126.2 1156.1 1189.9 1219.3 1231.9 1236.2 1234.7 1229.7 1224.6 1219.8 1214.1 1211.2 1212.4
1065.9 1072.8 1082.5 1091.3 1094.6 1069.8 1045.9 1004.4 966.7 932.9 903.6 873.8 842.7 807 771.1 730.2 688.1 645.1 609 575.9 551.5 529.2 510.8 495.2 495.2 495.2 495.2 495.2 495.2 495.2 495.2 495.2 495.2 506.3 530.5 553.6 581 610 641 675.2 710 716.2 710.8 702.5 699.3 715.3 736 757.8 777.9 798.9 820.4 841.8 860.4 876.9 887.6 897.9 910.5 925.7 948.8 971.8 993.6 1014.2 1036.8 1059.2 1080 1108 1139.2 1174.9 1213.3 1229.2 1233.4 1232.6 1228.5 1223.7 1218.9 1215.6 1213.9 1215.5
1074.2 1079.3 1084.3 1088.6 1072.1 1041.1 1025 999.8 955 921.3 890.3 862.2 833 802.1 768.7 727 681 635.7 600.3 570.8 545.7 523.2 505 495.2 495.2 495.2 495.2 495.2 495.2 495.2 495.2 495.2 495.2 513 537.8 564.6 594 625.4 658.1 698.5 737.9 737.9 729.7 719 706.7 726.8 745.9 762.6 779.5 800.6 823.9 846 866 881.7 894.2 903.8 914.1 926.4 942 962.2 982.5 1001.9 1022.7 1044.7 1069 1095.5 1126.4 1165 1208.2 1225.3 1229.5 1230 1226.1 1223.8 1220.5 1216.8 1216.7 1218.4
1078.5 1081.5 1083.9 1085.3 1068.5 1031.5 993.2 966.1 935.8 904.5 874.3 849.3 823.3 795.9 765.6 720.3 674.2 634 599.8 569.5 543.4 521.4 505.4 495.2 495.2 495.2 495.2 495.2 495.2 495.2 495.2 495.2 496.7 521.8 548.5 576.3 607 639.2 674.1 718.8 758 756 746.7 735.9 720.1 735.2 755 773.2 789 805.6 825.3 846.6 868.3 882.1 894.1 905.3 916.1 928.1 941.5 957.9 975.6 996.5 1019.2 1042.8 1067.8 1095.3 1125.7 1169.7 1210.8 1221.4 1226.2 1227.4 1226 1223.6 1221.4 1219.7 1219.9 1221.6
1079.4 1080.3 1081.8 1082.4 1076.8 1042.2 1002.2 968.3 935.1 902 869.4 841.5 812.2 781.1 744.2 706.7 657.2 618.4 588.1 559.2 539.3 521.1 506.1 495.2 495.2 495.2 495.2 495.2 495.2 495.2 495.2 495.2 504.6 529.8 558.2 589 620.1 654 691.5 740.4 771.9 769.6 760.8 748.9 733.8 743.5 761.7 779.9 796 812.9 832.8 860.4 876.3 885.5 894.7 905.7 915.9 927.9 942.1 956.7 972.3 994.6 1023.2 1052 1078.6 1106 1139.5 1189.2 1214 1222.6 1225.1 1225.3 1225.8 1223.9 1222.8 1222.3 1223.4 1226.3
1077.4 1077.3 1077.8 1077.1 1074 1058 1026.5 988.3 947.8 910.1 877.8 847.4 816.8 783.3 752.2 709.9 660.6 621.4 594.5 568.4 544.9 521.8 496.8 495.2 495.2 495.2 495.2 495.2 495.2 495.2 495.2 495.2 510.3 538.4 569.4 601.9 633.9 668.2 712.1 763.3 783.2 778.8 770.2 758.5 742.7 752.5 768.7 786 803 820.1 841.6 874 888.8 897.3 900.3 907 916.9 928 943.4 960.1 979.2 1003.1 1031.8 1063.8 1094.5 1124.9 1168.3 1205.5 1218.5 1224.3 1224.8 1224.9 1226.1 1226.1 1225.6 1225.1 1227.5 1231.1
1074.4 1073.2 1072.9 1071.4 1068.7 1065.7 1046 1006.2 961.5 919.4 883.8 851 816.5 784.9 745.3 705.2 660.5 619.6 587 568.4 543.7 519.6 498.4 495.2 495.2 495.2 495.2 495.2 495.2 495.2 495.2 499.5 518.8 548.8 581.8 614.6 647.5 685.1 733.5 784.3 791.1 786.7 779 765.8 755.9 763 775.3 791.9 810.2 832.3 853 886.7 911.3 919.5 917.7 919 927.5 938.9 954.5 969.9 991.3 1016.4 1044.3 1076.1 1115.8 1156.4 1199.6 1213.5 1219.4 1222.7 1224.1 1225.3 1227 1229.6 1229.4 1229.9 1232.2 1236.4
1072.1 1068.9 1067.2 1065.9 1065 1063.5 1052.3 1013.9 976.3 930.3 889.1 856.7 827.6 801.2 763 711.2 660.3 625.1 591.7 559.2 537.1 517.9 499.3 495.2 495.2 495.2 495.2 495.2 495.2 495.2 495.2 504.9 528.7 559.9 593.2 627.5 662.1 704.9 769.9 799.5 798.1 794.6 786.4 773.8 767.4 773.5 784.6 799.8 818.1 840.9 862.5 897.2 936.2 954.5 949.3 945.7 954 962.1 974.5 990.3 1010.7 1038.9 1066.8 1104.4 1156.2 1187.5 1201.7 1210.6 1216 1220.2 1223.1 1226.5 1230.2 1233.3 1234.2 1234.9 1237.3 1241.6
1069.8 1066.6 1063.3 1061.3 1060.8 1060.4 1055.9 1026.7 996.1 956.8 909.1 872.8 848.5 821 770.9 716.4 659.3 624.6 592.6 562.7 536.1 515.2 499.3 495.2 495.2 495.2 495.2 495.2 495.2 495.2 498.4 512.8 538.4 569.9 603.9 638.9 676.8 738 809.5 805.7 804.7 802.2 793.5 783.8 775.9 781.5 792.5 807.7 826.1 847.1 869 907.2 949.5 985.4 992 990.4 990.4 992.5 1003.9 1023.5 1046.6 1076.2 1104.5 1144.7 1172.7 1185.2 1195.7 1204.8 1210.2 1216.6 1222.9 1229.2 1233.8 1236.8 1239.1 1240.8 1243.3 1246.5
1067.6 1064.1 1060.1 1057.7 1057.7 1057.3 1054.7 1045.5 1009.9 968.6 933.7 902.4 875.6 829.3 769.9 722.1 669 615.8 590.8 560 534.8 512.1 495.2 495.2 495.2 495.2 495.2 495.2 495.2 495.2 501.5 520.8 548.4 579.2 614.9 651.9 704.1 769.5 817.1 811.3 810.6 808.4 800.2 790.2 785.5 791.8 799.9 814.3 832.6 853.1 875.8 912.1 953.8 992.3 1026.5 1035.2 1033.7 1033.8 1046.4 1067.4 1092.4 1121.3 1139.6 1154.4 1165.7 1177.6 1188.5 1199.1 1207.9 1216.2 1224.4 1231.4 1237.8 1242 1245.1 1247.4 1250 1252.5
1064.8 1061.2 1057.2 1054.2 1052.7 1052.3 1050.6 1044.3 1019.5 987.2 959.8 936.8 898.2 836.6 797.4 743.7 665.7 612.5 580.1 551 530.7 510.7 495.2 495.2 495.2 495.2 495.2 495.2 495.2 495.2 506.6 529.1 557.8 589.4 626.6 668.6 725 784.3 824.1 817.3 815.9 812.6 805.7 797.5 795.1 797.8 807 821.4 839.2 857.9 880.1 915.2 956.3 998.8 1034.1 1061.2 1071.9 1077.2 1084.2 1095 1108.7 1122 1134.5 1147.1 1160 1175 1188 1199 1207.9 1216.8 1226.1 1235.2 1241.3 1246.3 1249.9 1252.9 1254.8 1257.2
1061.2 1057.6 1054.1 1050 1047.1 1045.7 1044 1038 1022.5 996.1 973.3 942.3 887.9 860 801.4 735.1 649.8 608 576.8 550.2 527.1 507.4 495.2 495.2 495.2 495.2 495.2 495.2 495.2 496.5 512.9 537.4 567.6 599.7 636.8 687.4 736.6 784.5 831.4 822.8 820.7 816.4 809.9 804.7 803.8 805.7 813.3 825.6 841.8 862.3 885.1 914.8 955.3 994.8 1033.6 1063.4 1075.4 1081.6 1086.2 1093.5 1102.5 1113.7 1130.2 1145.6 1160.7 1175.4 1188.8 1199.5 1209.2 1219 1229.1 1238 1244.7 1250.3 1254 1256.7 1258.7 1260.3
